844.4999999999999,78.5 815.1211529066928,78.5
754.4999999999994,78.5 724.607105316603,78.5
623.0999999999996,78.5 627.1418870797146,78.5
491.6,78.5 497.66888128969174,78.5
367.10000000000036,78.5 368.25597420916074,78.5
228.60000000000002,78.5 269.89156791134656,78.5
138.19999999999982,78.5 179.73957010258925,78.5
46.799999999999955,78.5 88.33957010258905,78.5
-84.59999999999997,78.5 -43.06042989741087,78.5
-216,78.5 -174.46042989741085,78.5
-347.4,78.5 -305.86042989741077,78.5
-478.8,78.5 -437.26042989741086,78.5
-568.5,78.5 -526.9604298974108,78.5
844.4999999999999,345.6 804.3562530532482,345.6
754.4999999999994,345.6 717.1006380477537,345.6
623.0999999999996,345.6 626.4602280062878,345.6
491.6,345.6 499.62613580849995,345.6
367.10000000000036,345.6 372.52438404244674,345.6
228.60000000000002,345.6 281.83648161295037,345.6
138.19999999999982,345.6 195.07139716658526,345.6
46.799999999999955,345.6 103.67139716658528,345.6
-84.59999999999997,345.6 -27.728602833414868,345.6
-216,345.6 -159.12860283341473,345.6
-347.4,345.6 -290.5286028334147,345.6
-478.8,345.6 -421.92860283341474,345.6
-568.5,345.6 -511.62860283341473,345.6
844.4999999999999,610.7 793.777620021142,608.0783250511785
754.4999999999994,610.7 705.366491520369,610.9818791484512
623.0999999999996,610.7 622.138845422665,613.1255111560927
491.6,610.7 501.5980319842233,614.698098113678
367.10000000000036,610.7 379.1092509988317,613.1653784812722
228.60000000000002,610.7 299.3540193318187,611.2708275248384
138.19999999999982,610.7 210.17365575295526,608.7006240536175
46.799999999999955,610.7 118.78811847161046,608.9525830756229
-84.59999999999997,610.7 -12.591089392381377,609.3148086280463
-216,610.7 -143.97029725637253,609.6770341804698
-347.4,610.7 -275.349505120364,610.0392597328932
-478.8,610.7 -406.7287129843553,610.4014852853168
-568.5,610.7 -496.4145192659384,610.6487579797794
844.4999999999999,873.8 785.7754302196486,806.6296283682327
754.4999999999994,873.8 686.3699912855495,845.6970723083242
623.0999999999996,873.8 610.8486233839774,863.658731421956
491.6,873.8 503.4964730967509,873.7720286032743
367.10000000000036,873.8 395.91020438036674,867.5795982601574
228.60000000000002,873.8 321.7172890504094,854.7247369177359
138.19999999999982,873.8 222.50346454903544,823.5016334627711
46.799999999999955,873.8 131.47332988470885,829.945159778715
-84.59999999999997,873.8 0.6052163002228212,839.2113001409048
-216,873.8 -130.26289728426298,848.4774405030946
-347.4,873.8 -261.13101086874883,857.7435808652845
-478.8,873.8 -391.99912445323486,867.0097212274742
-568.5,873.8 -481.33603304173096,873.3352371368229