14,207.8 14.26122185918533,294.7712494034613
74.39999999999999,207.8 73.64172767370758,283.94528824263085
134.8,207.8 133.08304421734115,273.6378320367298
195.19999999999996,207.8 192.78329706408076,263.83769960107503
255.60000000000002,207.8 252.70559221042055,254.67001107487545
315.99999999999994,207.8 312.61933938465626,246.3921713559264
376.3999999999999,207.8 372.35401985161593,238.94209594737168
436.79999999999995,207.8 432.2605818202094,232.07307587612567
497.1,207.8 492.3414220421814,225.71948316351427
14,265.6 22.545448802001115,352.2669706277346
74.39999999999999,265.6 82.11844001879606,342.6640115697409
134.8,265.6 141.68932190108708,333.24000750618995
195.19999999999996,265.6 201.47030989726642,323.97094972529044
255.60000000000002,265.6 261.2672300618113,314.9295081361969
315.99999999999994,265.6 321.24192244537534,306.2955779679656
376.3999999999999,265.6 380.88361969204055,298.24157017258
436.79999999999995,265.6 440.69684261578277,290.56125177493897
497.1,265.6 500.6437442934425,283.21425990545254
14,323.5 30.778047644819175,409.40437298106224
74.39999999999999,323.5 90.3111229026019,399.41524482819625
134.8,323.5 149.84289683104996,389.707021648304
195.19999999999996,323.5 209.60813395600368,380.30260468975604
255.60000000000002,323.5 269.29413472754743,371.42538503641634
315.99999999999994,323.5 329.4311521796908,363.1883623180401
376.3999999999999,323.5 389.1046045915816,355.395491959829
436.79999999999995,323.5 448.9561425218677,347.8225666410712
497.1,323.5 508.9063216300828,340.43379739220444
14,381.3 39.063623956015576,466.909459340885
74.39999999999999,381.3 98.81107264515495,458.2949350793939
134.8,381.3 158.50391295699808,449.68828437905756
195.19999999999996,381.3 218.3845266349265,441.0545600838934
255.60000000000002,381.3 277.96645516311986,432.46390089904605
315.99999999999994,381.3 338.1536597802994,423.78597161869044
376.3999999999999,381.3 397.7067715613733,415.1994672985719
436.79999999999995,381.3 457.43240728868363,406.588088079974
497.1,381.3 517.2144208078728,397.96858018196633
14,439.2 47.32977363327805,524.2797173894239
74.39999999999999,439.2 107.17746311958287,516.2494518206807
134.8,439.2 166.9504123371491,508.18392635784653
195.19999999999996,439.2 226.90359862288415,500.0252898980665
255.60000000000002,439.2 286.3910383561625,491.75876421559497
315.99999999999994,439.2 346.6489214522902,482.80484225517654
376.3999999999999,439.2 406.1287109021038,473.75046432131853
436.79999999999995,439.2 465.79804297005865,464.58662357977425
497.1,439.2 525.5025324229968,455.36494622297937
14,497.1 55.58461322156467,581.5714790704362
74.39999999999999,497.1 115.53938633299259,574.1730235619392
134.8,497.1 175.39823471518645,566.6887306661664
195.19999999999996,497.1 235.4282732884409,559.0348025734959
255.60000000000002,497.1 294.82164181275255,551.0960000384154
315.99999999999994,497.1 355.1465752669296,541.8403317508536
376.3999999999999,497.1 414.54871935917515,532.2880374569044
436.79999999999995,497.1 474.1571519131238,522.5399095279595
497.1,497.1 533.7794531603015,512.6838138241219
14,554.9 63.862418211400424,639.0226294710462
74.39999999999999,554.9 123.94883686258335,632.4258200327512
134.8,554.9 183.85862001023466,625.2805385794828
195.19999999999996,554.9 243.87776516380558,617.5238848530603
255.60000000000002,554.9 303.0707706526637,609.1559604940351
315.99999999999994,554.9 363.5023281655632,599.8899973686681
376.3999999999999,554.9 422.89592125486257,590.3194448999623
436.79999999999995,554.9 482.4971232839719,580.3605156411768
497.1,554.9 542.0684981526617,570.0866436368584