887,702.2 888.8279941312446,692.4235855206954
853,702.2 856.7424542093851,696.9724364489675
819,702.2 825.7869229752332,700.6260520995543
785,702.2 792.0427904720344,703.7335580335409
751,702.2 755.1594581575333,706.0065057812853
717,702.2 719,706.993804094452
683,702.2 683.2989014972779,706.2845156504999
649,702.2 646.6734457982138,703.670933664632
615,702.2 609.5742216047811,699.6034369479501
581,702.2 578.3320794318934,695.5107510110113
547,702.2 549.1793940822886,691.4924873484331
887,662.2 888.9123695617064,655.0423912274545
853,662.2 856.8768451774768,657.9240214744079
819,662.2 825.746176863187,660.2422877751536
785,662.2 791.8412057985316,662.1949736429224
751,662.2 755.025081678836,663.5971443313616
717,662.2 719,664.1962860026078
683,662.2 683.2783835841635,663.7801645238935
649,662.2 646.565130226432,662.1468480486739
615,662.2 610.3097977140883,659.6756978165776
581,662.2 579.0089387540805,657.1314537304164
547,662.2 549.1202715133435,654.5729571385767
887,622.2 888.9772952842816,618.4828227072712
853,622.2 856.9829371713478,619.2721478457341
819,622.2 825.7174762046498,619.8359462303908
785,622.2 791.6896130984701,620.234655651394
751,622.2 754.9253488826047,620.4362469349416
717,622.2 719,620.4270785073022
683,622.2 683.238034826391,620.2394027259849
649,622.2 646.4324457190415,619.8851639680956
615,622.2 610.8439047639207,619.4112713565523
581,622.2 579.5231217621118,618.9061020195967
547,622.2 549.0777926895469,618.3517792125222
887,582.2 889.0298730705664,579.231410302985
853,582.2 857.0639399510571,579.3766683825744
819,582.2 825.6954114581913,579.4944077883906
785,582.2 791.5820691786586,579.5935795762924
751,582.2 754.8578081653536,579.6655238990138
717,582.2 719,579.6996908698028
683,582.2 683.1917634514144,579.6969896901323
649,582.2 646.29791962069,579.6544204377674
615,582.2 611.1934090602763,579.5752120448917
581,582.2 579.90323008341,579.4718438474337
547,582.2 549.0456161953985,579.3388323117351
887,542.2 889.0676504615528,539.2313174198491
853,542.2 857.1156739891064,539.380069629518
819,542.2 825.6746789705838,539.5068429612757
785,542.2 791.5039842309105,539.6220820841547
751,542.2 754.8097125211059,539.7190901557432
717,542.2 719,539.7864380834559
683,542.2 683.1462561069288,539.8262085912893
649,542.2 646.1690264496578,539.8375822353695
615,542.2 611.3908303092766,539.8202154396482
581,542.2 580.149231503459,539.7809502686567
547,542.2 549.0234074916241,539.7191432195242
887,502.2 889.092020181318,499.22621111862526
853,502.2 857.1374858687575,499.3578427151764
819,502.2 825.6497355266163,499.48122695111715
785,502.2 791.4435287433613,499.6066638644579
751,502.2 754.7726822477111,499.7293924827086
717,502.2 719,499.8355349854049
683,502.2 683.1085941576013,499.92666918972566
649,502.2 646.0561512946849,500.00262854140726
615,502.2 611.4629502898484,500.05513160347607
581,502.2 580.2760860257581,500.08580304464806
547,502.2 549.0076554739649,500.09942044183015
887,462.2 889.1055353696934,459.2312216977413
853,462.2 857.1289453356567,459.3836253813427
819,462.2 825.615349122109,459.5194509374089
785,462.2 791.3911383232786,459.650798317004
751,462.2 754.7400383395047,459.772800043647
717,462.2 719,459.87318529710876
683,462.2 683.086633579524,459.9555762918971
649,462.2 645.9709205260361,460.02126318643775
615,462.2 611.4352256619279,460.06462093409056
581,462.2 580.3015263806212,460.08903608097245
547,462.2 548.9941148778358,460.0995644381126
887,422.2 889.110759646308,419.3259494108868
853,422.2 857.0897390333184,419.45117024587046
819,422.2 825.5661953340461,419.5590271038413
785,422.2 791.336965014234,419.6578252312618
751,422.2 754.7049249569748,419.7412368804779
717,422.2 719,419.7990896132091
683,422.2 683.0883989122202,419.8326785774596
649,422.2 645.925623624258,419.84014019221127
615,422.2 611.3324460871925,419.8209390638094
581,422.2 580.2417362037436,419.78123385030966
547,422.2 548.9785578948672,419.7190386893723
887,382.2 889.1102659155493,379.22585920538535
853,382.2 857.0190922872439,379.3477947976417
819,382.2 825.4966744845124,379.44681650256126
785,382.2 791.2710899497347,379.52955265424106
751,382.2 754.6604612669075,379.58770694411464
717,382.2 719,379.61234239955616
683,382.2 683.1221257897814,379.6033808820396
649,382.2 645.9329859908219,379.55637807748184
615,382.2 611.1809366957893,379.47594801116344
581,382.2 580.1145039673709,379.3727798223715
547,382.2 548.9566964050726,379.2384047304876
887,342.2 889.1066740004774,339.877736339811
853,342.2 856.9196468662601,340.2498892992772
819,342.2 825.4049162069191,340.5564982052366
785,342.2 791.1874187809534,340.8152300064568
751,342.2 754.602633592321,340.9950682413815
717,342.2 719,341.0623042753723
683,342.2 683.1920060273103,341.01084706988377
649,342.2 646.0012703731392,340.8183217012207
615,342.2 611.0138521536923,340.4961345900491
581,342.2 579.9441316418919,340.0862915344375
547,342.2 548.9249466985559,339.5529943907707
887,302.2 889.1025855017818,301.87217257869855
853,302.2 856.7954199089386,302.71561389841446
819,302.2 825.2904141908022,303.42873850082236
785,302.2 791.0815386383641,304.0464440421721
751,302.2 754.5287314550937,304.48505382771856
717,302.2 719,304.64962292771105
683,302.2 683.2984201660557,304.5120327623664
649,302.2 646.1318291448623,303.99969000864377
615,302.2 610.8574147035807,303.1209776440746
581,302.2 579.7515569891251,301.9943671157739
547,302.2 548.8797184319425,300.51973095213134
887,262.2 889.100100479646,263.45718845917725
853,262.2 856.6406418842653,264.72566807462056
819,262.2 825.1431213224946,265.79654938116687
785,262.2 790.9398644873322,266.7270036828264
751,262.2 754.4291167740943,267.3887165873824
717,262.2 719,267.6369452367744
683,262.2 683.4530025971644,267.4282413146676
649,262.2 646.3394178516457,266.64627449047634
615,262.2 610.7251110581598,265.2797281270398
581,262.2 579.5459919255485,263.5282142535296
547,262.2 548.8161945291586,261.2412117383972