469.6,684.2 480.9897803407887,674.5241768177672
435.59999999999997,684.2 449.1124508806664,678.733923444538
401.6,684.2 419.1754443856911,682.3505099769102
367.6,684.2 385.0109241871171,685.9703564123781
333.59999999999997,684.2 349.9558500449895,688.9982175923979
299.59999999999997,684.2 315.38930642528396,691.1764676825651
265.6,684.2 279.99781310003044,692.4483083529117
231.60000000000002,684.2 244.86463211020452,692.6299521561036
197.60000000000002,684.2 208.53186954456675,691.5636841595439
163.6,684.2 177.0994309953284,689.5242899424944
129.6,684.2 147.45066265372068,686.5867351220514
469.6,644.2 480.5808932337792,637.1366239083907
435.59999999999997,644.2 448.73471867896797,639.9311258675049
401.6,644.2 418.302578729755,642.3610254904906
367.6,644.2 384.264736481162,644.7483863278953
333.59999999999997,644.2 349.0783544002419,646.7900930394603
299.59999999999997,644.2 314.3891284155957,648.3176127037722
265.6,644.2 279.02344873515165,649.3162363233549
231.60000000000002,644.2 243.47381704550787,649.688646271454
197.60000000000002,644.2 207.8666859280421,649.3645555297368
163.6,644.2 176.6117844328897,648.4566924801185
129.6,644.2 146.4824100373445,646.990296660725
469.6,604.2 480.1363211981231,600.0748679851224
435.59999999999997,604.2 448.2762087136791,601.2059695119817
401.6,604.2 417.4194491400715,602.2118445308879
367.6,604.2 383.45711872139077,603.2177148400904
333.59999999999997,604.2 348.15725258573116,604.1515078450647
299.59999999999997,604.2 313.36865635879326,604.9611217291196
265.6,604.2 278.0047127901636,605.6722468217016
231.60000000000002,604.2 242.12882067067437,606.2790955195395
197.60000000000002,604.2 207.06663962546378,606.7613053990751
163.6,604.2 175.9351943661107,607.0980558988732
129.6,604.2 145.42763140675498,607.3450216613894
469.6,564.2 479.62511634497764,560.8480938316916
435.59999999999997,564.2 447.73024507052327,561.4760748003341
401.6,564.2 416.53160341296837,562.0637998888612
367.6,564.2 382.6240528290281,562.6836294917329
333.59999999999997,564.2 347.2502858647654,563.321733660136
299.59999999999997,564.2 312.4002090136225,563.9547998876786
265.6,564.2 277.02579557021807,564.6151724305089
231.60000000000002,564.2 240.91519568071726,565.3216865486514
197.60000000000002,564.2 206.20545907233722,566.0448764313633
163.6,564.2 175.12736556198738,566.7396180602947
129.6,564.2 144.3003647068004,567.4821466894899
469.6,524.2 479.0628912702764,520.8515055206045
435.59999999999997,524.2 447.11287685361555,521.4888376790509
401.6,524.2 415.64514538757044,522.0993132065498
367.6,524.2 381.7687037368038,522.7438438557549
333.59999999999997,524.2 346.3473097963983,523.4111108331705
299.59999999999997,524.2 311.45948622332617,524.0693110976313
265.6,524.2 276.0647625106014,524.7459305715305
231.60000000000002,524.2 239.78484517719627,525.4570103094412
197.60000000000002,524.2 205.29269841388282,526.1572634753245
163.6,524.2 174.21537028388997,526.8146126700397
129.6,524.2 143.1222254892736,527.5029601746327
469.6,484.2 478.4614682272833,480.85778303975053
435.59999999999997,484.2 446.43707063128556,481.5077494034158
401.6,484.2 414.7583067334941,482.1463085246891
367.6,484.2 380.8882106613563,482.8247212174983
333.59999999999997,484.2 345.4357011232429,483.5306381069897
299.59999999999997,484.2 310.5250413922148,484.2221829030012
265.6,484.2 275.1027685000146,484.9208516678641
231.60000000000002,484.2 238.7051359885839,485.6362590297767
197.60000000000002,484.2 204.33421704761386,486.31011534632506
163.6,484.2 173.22195356123174,486.9191380878301
129.6,484.2 141.9163401389064,487.5314851294634
469.6,444.2 477.8228084670051,440.8542356050733
435.59999999999997,444.2 445.7118465016738,441.5023323278301
401.6,444.2 413.8716224585338,442.1374375925955
367.6,444.2 379.9884907081987,442.80701864711057
333.59999999999997,444.2 344.5182666268313,443.5032732290444
299.59999999999997,444.2 309.59571522155034,444.1863991044075
265.6,444.2 274.14175274066713,444.8798850327764
231.60000000000002,444.2 237.66851305415213,445.5957964263542
197.60000000000002,444.2 203.34590669346068,446.2741238058782
163.6,444.2 172.17293470873034,446.89596739903186
129.6,444.2 140.70128338932278,447.53105310157696
469.6,404.2 477.14906707626267,400.84174626686087
435.59999999999997,404.2 444.947105868853,401.49286460800107
401.6,404.2 412.9884282188975,402.1313574859586
367.6,404.2 379.0806330256545,402.8023977220628
333.59999999999997,404.2 343.60581108471456,403.4996815497014
299.59999999999997,404.2 308.68085502383894,404.18373644961457
265.6,404.2 273.1961456295214,404.8787108133629
231.60000000000002,404.2 236.68131414156448,405.59638109147005
197.60000000000002,404.2 202.35492286994452,406.27573210451754
163.6,404.2 171.10224168284697,406.90011766289774
129.6,404.2 139.49788284380753,407.5389782425212
469.6,364.2 476.4425991380386,360.83181099869955
435.59999999999997,364.2 444.15255290324814,361.48544961084525
401.6,364.2 412.1107189877767,362.1263584353682
367.6,364.2 378.1730062765357,362.79881226480495
333.59999999999997,364.2 342.70471196839577,363.4968475686126
299.59999999999997,364.2 307.7838481872228,364.181697045606
265.6,364.2 272.27325790908685,364.878061711323
231.60000000000002,364.2 235.74170416382668,365.5969498689473
197.60000000000002,364.2 201.38207569453115,366.2777653109736
163.6,364.2 170.03925404952014,366.9046597465299
129.6,364.2 138.32556345948365,367.5464227159436
469.6,324.2 475.72256447720883,321.72872919073626
435.59999999999997,324.2 443.3553722339142,322.3365923207151
401.6,324.2 411.256926619011,322.8801478215818
367.6,324.2 377.2880343725774,323.4148709895095
333.59999999999997,324.2 341.8319076195945,323.9554614140852
299.59999999999997,324.2 306.9156908632997,324.49788856390524
265.6,324.2 271.3859486820051,325.08861872326577
231.60000000000002,324.2 234.852618864716,325.7671162678018
197.60000000000002,324.2 200.45405637970464,326.4997892037544
163.6,324.2 169.02307441345556,327.27160073239355
129.6,324.2 137.2209026084563,328.1731194737825
469.6,284.2 475.01255845883145,284.54202618616534
435.59999999999997,284.2 442.57948514807214,284.7206586484639
401.6,284.2 410.43866996419456,284.86821985786827
367.6,284.2 376.4417171155013,285.0342818554173
333.59999999999997,284.2 341.00155117124007,285.26557823836816
299.59999999999997,284.2 306.089628923094,285.5999772561804
265.6,284.2 270.5540307070503,286.09911715777775
231.60000000000002,284.2 234.02768535095862,286.8324334998266
197.60000000000002,284.2 199.6088478847887,287.77706116736607
163.6,284.2 168.1021498026653,288.89788273777435
129.6,284.2 136.22273377010458,290.31867513370054
469.6,244.2 474.266344044752,246.6874213154778
435.59999999999997,244.2 441.79096394895527,246.57188648384823
401.6,244.2 409.6214676844851,246.41791163478632
367.6,244.2 375.61107176344865,246.27745210776078
333.59999999999997,244.2 340.19384739722153,246.2288629803856
299.59999999999997,244.2 305.2850550265101,246.35365717014645
265.6,244.2 269.759651858747,246.734373676064
231.60000000000002,244.2 233.23745751369728,247.47512300239953
197.60000000000002,244.2 198.83196028702793,248.57305550011912
163.6,244.2 167.25915077042293,249.98464613844925
129.6,244.2 135.29029361723178,251.86611878503228