831.2800000000003,946.67 834.2115587378642,914.30872754338
737.4999999999999,946.67 743.1250552442178,915.5371912308989
643.72,946.67 651.5971963962504,917.4714608294919
549.9300000000001,946.67 553.7032262290636,919.2056692314371
456.15,946.67 453.10954590356175,919.5407127443927
362.37,946.67 359.5411143909271,918.9754152230059
268.58000000000004,946.67 266.27640064295633,918.1946844567284
174.8,946.67 172.84676356096617,917.6844985596866
831.2800000000003,861.59 829.7294539181975,828.045424888337
737.4999999999999,861.59 740.4336206129367,829.5886258922868
643.72,861.59 650.8970840579093,831.7052102691518
549.9300000000001,861.59 554.0458400854944,833.6101899541026
456.15,861.59 452.14131661336,834.1321990978803
362.37,861.59 358.0948404012828,833.6826505206776
268.58000000000004,861.59 265.46785925446494,832.9720976453825
174.8,861.59 172.647012511314,832.4777505128635
831.2800000000003,776.5 826.0456608732206,743.3704945445679
737.4999999999999,776.5 738.5080347764798,744.0603784834035
643.72,776.5 650.60448490797,744.7621814121013
549.9300000000001,776.5 554.5170797310244,745.4959074569678
456.15,776.5 451.14633959216746,746.1922338475288
362.37,776.5 356.58285461512025,746.6946120643661
268.58000000000004,776.5 264.5398120134881,747.0147058774132
174.8,776.5 172.25241711012646,747.1252473968136
831.2800000000003,691.42 823.2486924626595,659.5348576071056
737.4999999999999,691.42 737.3054806351997,659.8856700308036
643.72,691.42 650.6906783147738,660.2656505802994
549.9300000000001,691.42 555.0677640032213,660.6871177600452
456.15,691.42 450.19988116727575,661.114445468575
362.37,691.42 355.0937265918243,661.4357349982134
268.58000000000004,691.42 263.54295649115693,661.6547354880234
174.8,691.42 171.70638573367728,661.756514226284
831.2800000000003,606.34 821.4480009882085,575.7630941757905
737.4999999999999,606.34 736.7496823361,575.8096528136502
643.72,606.34 651.1100055009637,575.892010858422
549.9300000000001,606.34 555.6965793955608,576.0110679177317
456.15,606.34 449.28457219689585,576.1583141092785
362.37,606.34 353.6280480255556,576.2855580016461
268.58000000000004,606.34 262.50870016162634,576.3865190440293
174.8,606.34 171.0581159451644,576.4533303735551
831.2800000000003,521.26 820.7892460196579,491.28565984285854
737.4999999999999,521.26 736.7997659348248,491.3165265932706
643.72,521.26 651.8333023324515,491.3336370233305
549.9300000000001,521.26 556.3884678189133,491.33901016399847
456.15,521.26 448.41411712616366,491.33171635048853
362.37,521.26 352.215294885223,491.3172464873877
268.58000000000004,521.26 261.47446308660983,491.3001020707765
174.8,521.26 170.36053220286863,491.28259383627153
831.2800000000003,436.18 821.6169245363075,405.56220524392285
737.4999999999999,436.18 737.397782311475,408.7814644988869
643.72,436.18 652.7705996553357,411.19194718067376
549.9300000000001,436.18 557.0726981438783,412.817529901801
456.15,436.18 447.66068417673495,412.9923762674274
362.37,436.18 350.9550235865497,411.25688687642327
268.58000000000004,436.18 260.501816800362,408.6382734419506
174.8,436.18 169.66356718430927,405.74781873537745
831.2800000000003,351.09 824.1068905647116,318.7485635565557
737.4999999999999,351.09 738.4625882168068,328.4878331096487
643.72,351.09 653.8375412054539,336.7197338099361
549.9300000000001,351.09 557.706904190876,342.7961976901968
456.15,351.09 447.0397020743518,343.249333670086
362.37,351.09 349.87178526817854,337.22596427691946
268.58000000000004,351.09 259.6215840476497,328.59188620202275
174.8,351.09 169.01932354958683,319.4914960228739
831.2800000000003,266.01 827.8268568277265,231.65969423392178
737.4999999999999,266.01 739.9432862448562,249.30499382825187
643.72,266.01 655.0319197270419,264.4939204145426
549.9300000000001,266.01 558.3251215477027,275.9310590214767
456.15,266.01 446.4980047419599,276.6794430439981
362.37,266.01 348.9149870621584,265.4477128671073
268.58000000000004,266.01 258.8417848617117,249.57540441906374
174.8,266.01 168.4860418259741,233.06517925792417
831.2800000000003,180.93 832.0005320169905,145.23823192532956
737.4999999999999,180.93 741.8208231248418,169.94554679930638
643.72,180.93 656.3891307667022,190.95685846703128
549.9300000000001,180.93 558.9697173930559,206.70333299733804
456.15,180.93 445.9957049353433,207.58694821168672
362.37,180.93 348.0483277364349,191.92506414833508
268.58000000000004,180.93 258.17419345527065,169.8510813906801
174.8,180.93 168.1151297404879,146.91893767415846
831.2800000000003,95.85 835.1924880685422,77.50076573765782
737.4999999999999,95.85 744.107045300515,88.92838476766232
643.72,95.85 658.04504648651,108.97622464643727
549.9300000000001,95.85 559.6893921456523,128.8618584715833
456.15,95.85 445.5135483004288,130.00896416952293
362.37,95.85 347.24450822665335,110.514996060708
268.58000000000004,95.85 257.6474837716048,88.57580593359185
174.8,95.85 167.96161260644277,76.79784632800245