165.60000000000002,726.5489352184053 211.83937649440549,587.2915587145019
195.80000000000004,737.3225262148483 232.2186652244346,617.0480231073165
226.10000000000002,747.6017476172904 249.14894836422593,640.7896485549029
256.4,757.0816379106229 266.9176224506597,662.9115408075971
286.6,765.4895523744641 286.04879771229037,684.3269712347773
316.9,772.6622062879125 313.32000275718036,709.8256765171791
347.1,778.3705748007594 339.8105303975973,731.2697567705608
377.4,783.1463052076108 368.17457922613943,751.599891636788
407.70000000000005,787.2583488519865 395.53648805191233,767.800619025633
437.9,790.5472098842259 423.34437894376356,780.3942679415471
468.20000000000005,792.8895330745014 451.5605351952837,789.0893092845404
498.4,794.1305834707417 481.4472697200177,794.0113405608657
528.7,794.1502762751433 511.3211160680577,794.967580940613
559,792.9433619804652 540.7449184341019,792.503908008864
589.2,790.6402369357832 568.9,786.457074123844
619.5,787.3507478837606 596.6267842189654,776.365547145059
649.8,783.2065001199179 624.6744917187058,761.5195617065996
680,778.3514304904803 652.232212496971,742.2384383532818
710.3,772.4168788000308 678.779488876279,720.4517271469972
740.5,765.0424489525145 704.1866036229592,698.6955216623795
770.8,756.4039233834544 731.4213202632478,672.9584962116478
801.1,746.8009244380753 752.339984337433,649.6974679877613
831.3,736.5867601187962 771.6250839940417,624.0894107350588
861.6,726.036773405857 795.0086440045153,591.531772951344
165.60000000000002,714.2700458090699 209.90890235838063,577.1436883487974
195.8,724.368843409127 230.5837456968855,605.9721292493808
226.10000000000002,733.9728530719228 248.26545266463498,630.9664868422052
256.4,742.8320300377673 266.5627280335944,654.3673971990545
286.6,750.7235082881357 285.32055304608497,673.5679540246257
316.9,757.5235669161957 312.605193506967,696.8902587794829
347.1,763.0370840169494 339.44568195752476,717.8847674058047
377.4,767.6489950248857 368.6063652154423,738.6424294517128
407.7,771.5931790335645 395.9118908885131,754.4692140744044
437.9,774.7321929754034 423.0594933734975,765.5877146156437
468.2,776.9605090684304 451.3297775200488,772.5909905523874
498.4,778.1391631731336 481.5543098768895,776.2885165139279
528.7,778.1479929571357 511.3579833268905,776.952446045557
559,776.9327435171542 540.7323749099037,774.7911995739778
589.2,774.6394761455923 568.9,769.336887741201
619.5,771.4045290305398 596.6373409013102,759.3698733265063
649.8,767.3849294885513 624.6650470156075,743.9035438680055
680,762.74869916466 652.246229284106,724.6051094121847
710.3,757.1505152096183 679.2143004823407,703.7292763036986
740.5,750.1776933395995 704.8642495515193,682.3852659699816
770.8,741.9798862549236 731.999226261231,656.8982020799651
801.1,732.823052191046 753.6326756248244,633.0740264988658
831.3,723.0245018467864 773.689869395606,609.2823787260049
861.6,712.8273282766846 796.9308715256407,581.418610427179
165.60000000000002,703.1850535642186 208.42734141624655,569.2938688739284
195.80000000000004,712.5044598457907 229.31920081509364,597.2241870047162
226.10000000000002,721.4538551809073 247.55084022268122,622.8364907661872
256.4,729.76764064486 266.2873830872665,647.5703771728097
286.6,737.2039392004631 285.0311790588117,667.1621911940144
316.9,743.6146377284869 312.30332326992243,690.0565093520064
347.1,748.791570921332 339.2843004026891,709.5106220168808
377.4,753.0574878947299 368.9744685177521,727.6934634378805
407.7,756.5798718382882 396.30630346175707,740.5131369244142
437.9,759.2928304259046 422.8834087908373,749.574352720827
468.20000000000005,761.155111438472 451.2030334051291,755.8692164732497
498.4,762.0940164254544 481.6785807139575,759.2468019023216
528.7,762.0352843571255 511.40731780678567,759.7161651620328
559,760.8757077168734 540.7263179248955,757.9166626512067
589.2,758.7395894886466 568.9,753.4284091319364
619.5,755.7563181571857 596.6460975965042,745.029847065532
649.8,752.0759171697812 624.6586029665964,731.2474866567368
680,747.8588739772191 652.2551203986435,713.540386632218
710.3,742.722984682292 679.4919221080725,693.7654067857571
740.5,736.3053371674498 705.2672409892882,673.0588625574351
770.8,728.7338121242514 732.4648326843674,647.9514239387518
801.1,720.2388868641797 754.5649086169758,623.8699370612339
831.3,711.0959456384066 775.3124380014134,599.6049369376452
861.6,701.5096650451572 798.7603455195057,572.6071378904089
165.60000000000002,692.1472944268507 207.4298099192122,563.9654130979603
195.80000000000004,700.7543331589087 228.45458391072515,591.1131933228006
226.10000000000002,709.2221395493029 246.89018721658022,615.0844603534069
256.4,717.2127451660816 265.9594600319976,639.1280794959525
286.6,724.4069427456517 284.85704384170924,658.8635386431354
316.9,730.5764864995009 312.04056211600476,681.8772865785816
347.1,735.4306934949076 339.20657505178747,701.1017657959254
377.4,739.1919330240426 369.26383113697756,719.124711087006
407.7,742.153606413293 396.56740548235666,731.2798114535868
437.9,744.3293699901263 422.9001523610993,738.4036692289576
468.20000000000005,745.7525724477638 451.244618806433,742.2491322162161
498.4,746.4321082262386 481.8073036077815,743.8332001268617
528.7,746.353331617079 511.4636169316106,743.8987927382508
559,745.3360781067751 540.725438532319,742.5730904133364
589.2,743.4634593487683 568.9,739.082099031915
619.5,740.8437326456831 596.6538185027985,732.145328214283
649.8,737.6034148730778 624.653061799675,719.9618298280811
680,733.8781877649677 652.2631128580142,703.5991601639591
710.3,729.2751623936572 679.766683018125,684.1250012088369
740.5,723.4470442399255 705.7401828541439,662.1900509527995
770.8,716.5151570656411 733.3596166800367,635.509898760266
801.1,708.6929923573049 756.1570345406634,611.6706292521457
831.3,700.2346843887991 777.2141904530214,589.0267883949555
861.6,691.3279004811217 800.5931339928154,564.201040294781
165.60000000000002,683.4466734769143 206.27783511276186,557.7571282337309
195.80000000000004,691.0326810113588 227.37187775417328,583.2657379619366
226.10000000000002,698.5402699688734 246.16848680783372,606.2353202107621
256.4,705.659545850986 265.5943355592435,628.9766371422435
286.6,712.0939767966887 285.02050864195445,648.3972410216466
316.9,717.6245814485369 311.90283372386637,670.8505217138791
347.1,721.9779745483927 339.27735122346303,690.1039254819403
377.4,725.2573675785252 369.65597886814595,707.5338705917761
407.7,727.6367320145514 396.92883334121115,718.4767290738268
437.9,729.2249049152965 423.1596730233008,724.0722206626873
468.20000000000005,730.1443645322616 451.5309412889493,726.3536425589994
498.4,730.4997464410961 481.9659366689609,726.7794108373479
528.7,730.3494155566776 511.53613745336105,726.594084621324
559,729.4525216806263 540.729122796934,725.825908852573
589.2,727.8433800698547 568.9,723.4014611246689
619.5,725.5983015305051 596.6622728003301,717.7089258652189
649.8,722.8100079552124 624.646710565436,706.5964190788502
680,719.5795063042123 652.2730882853003,691.1133308528393
710.3,715.5606655143717 680.1076272476355,672.164451662188
740.5,710.3889898257395 706.213519717884,651.1591786445954
770.8,704.1667936833534 734.3460441400935,625.470729087053
801.1,697.0775852541002 757.462203646751,602.6454897538036
831.3,689.3412164850412 778.7132990013936,580.9612401872679
861.6,681.1162076500544 802.2115904244209,557.0136014785887
165.60000000000002,673.9774449780143 205.05376162454635,551.0820244133506
195.80000000000004,680.6868908825155 226.30915879138004,575.2930273841672
226.10000000000002,687.3503449379275 245.44992579916033,596.845481877168
256.4,693.6906843084458 265.2504113192387,618.0976357680993
286.6,699.440686176782 285.39536154742405,637.0446117324198
316.9,704.400211032699 312.1181177341269,658.4996620466163
347.1,708.3171633021337 339.67178588398576,677.4611910243252
377.4,711.1508524741964 370.08602979688754,694.8074587424468
407.7,713.0166000285121 397.2959876137133,705.4100828843725
437.9,714.0968390360466 423.7389944158366,710.1778979170275
468.2,714.5843810875897 452.10522529457023,711.3787494172407
498.4,714.6608379702374 482.1265307292374,710.9678910361731
528.7,714.4646633218722 511.6117367757199,710.7059734283876
559,713.6827544225139 540.7362966237608,710.6738410289286
589.2,712.2959748152227 568.9,708.9959382308458
619.5,710.3758497078896 596.6702590898789,703.6780989724667
649.8,708.0082206355168 624.6405016005581,693.1355748542122
680,705.2858228608665 652.2831262855558,678.355361009543
710.3,701.8633849744455 680.4350411242034,660.3431448252777
740.5,697.4264644530989 706.6407488994485,640.8354365526825
770.8,692.0301361389514 735.3219533237158,616.2111519037526
801.1,685.7966171273554 758.7159068573977,594.1410002914789
831.3,678.8804599371947 780.2319537388901,572.8965861601566
861.6,671.3819595004437 804.0119112406082,549.1837776152857
165.60000000000002,662.3821718906407 203.89365496615315,544.6660917151081
195.80000000000004,669.871990349181 225.20713148984254,566.65559455883
226.10000000000002,676.168140987833 244.73582572908825,586.6365305402863
256.4,681.4210405429404 264.9469859473811,606.2359706041889
286.6,685.8123775204577 285.818657825428,623.9302603515415
316.9,689.5762832036379 312.84481163531626,643.78906346534
347.1,692.8935201430107 340.48961400734856,661.8579785988946
377.4,695.6017652923225 370.5917462791409,679.7502193017823
407.7,697.5283353989156 397.6824325158568,691.546340558026
437.9,698.7792704960208 424.608673127225,696.6974955740362
468.2,699.4729017640287 452.91294328945594,697.6165218153724
498.4,699.7147411675344 482.2777406895765,697.014205582897
528.7,699.526462175016 511.6847704507934,696.6950673482163
559,698.6248711571799 540.7458941804074,696.6710231162192
589.2,697.1161891290087 568.9,695.217793741502
619.5,695.1361807850197 596.677517248399,690.5136916396278
649.8,692.8366404397462 624.6350867793907,681.1339239046106
680,690.3744517708063 652.2911396554626,667.943522648079
710.3,687.3446083565242 680.6688444461566,651.4532433586398
740.5,683.3042775708709 706.9364569347518,633.3315158630896
770.8,678.2982256889509 735.9788592941974,609.7353632508732
801.1,672.4351266235599 759.5789871800953,588.2619603837356
831.3,665.857219103026 781.2892720337074,567.2858656318466
861.6,658.6569260038642 805.3227550303168,543.5456270922051
165.60000000000002,648.3400885010392 202.30477844779452,535.7065021393128
195.8,654.1491637784015 223.99329588661192,556.5551831914911
226.10000000000002,659.8919733632265 244.02839704461078,575.083353782357
256.4,665.3507722084319 264.72019475412696,593.2093434139263
286.6,670.3149355650137 286.2605047257134,610.7736429710536
316.9,674.6279548112414 313.45540221200173,630.8515892980278
347.1,678.0777277775529 341.1506791805557,648.8337048876828
377.4,680.4594186471602 371.0735586083824,665.2312679693566
407.70000000000005,681.865982479092 398.1193070930007,675.6732186675117
437.9,682.532553305827 425.7196746717708,680.5762295271635
468.2,682.6966135752718 453.9300428059149,681.4776562006116
498.40000000000003,682.5875286935888 482.4625845188391,680.8434517398183
528.7,682.3463168640259 511.77583973623837,680.4789818399034
559,681.5917670409107 540.760286145931,680.4117114091565
589.2,680.32804336276 568.9,679.1070974813608
619.5,678.6383225139002 596.6857267183249,675.0304916747299
649.8,676.618547867421 624.6287569850143,666.8803497701838
680,674.369667281305 652.3006169202084,655.247646327995
710.3,671.6471425252583 680.9412698886439,640.236353140333
740.5,668.0819378991018 707.2995885499364,623.4712951253488
770.8,663.6533219754197 736.8064697757171,601.0670445258141
801.1,658.393280108202 760.7085147186867,580.3955720512635
831.3,652.3624420088755 782.6683753316509,559.9030983636303
861.6,645.5765393738524 807.0186034351469,536.2770172962091
165.60000000000002,635.2543585910654 200.72031022141246,526.527790316077
195.80000000000004,640.5602732067031 222.99852952489036,547.6457671817864
226.10000000000002,645.8089503923327 243.55302541057583,565.8682393221608
256.4,650.7891426330337 264.63584538322425,583.2375256478285
286.6,655.295831889701 286.6901366868346,599.1023464763175
316.9,659.1721781118695 314.07500535157135,616.4695487647646
347.1,662.2159470906901 341.93094822129535,632.8516389994971
377.4,664.3227594126392 371.61150689387597,648.7073216579358
407.7,665.5900904363074 398.5665938559384,659.1172505187177
437.9,666.2178510588288 426.8354078978295,664.3160488370195
468.2,666.4086426415153 454.9386047273226,665.2761639805183
498.40000000000003,666.357272561471 482.65522087856147,664.7449514402523
528.7,666.2017315141937 511.8728382753696,664.2802812944974
559,665.7301490056343 540.7785951925972,663.4772454599912
589.2,664.8727560630551 568.9,661.5410457962175
619.5,663.5894099197022 596.6943568396917,657.8836634870344
649.8,661.8469632612515 624.6221271354681,651.8131964482894
680,659.617461358367 652.3095209727547,642.790202720067
710.3,656.8490692065051 681.1696086072633,629.5707075544254
740.5,653.5220678275058 707.6174242899692,613.9070408422889
770.8,649.5750507442327 737.5665151894846,592.2431235307179
801.1000000000001,644.9772402364415 761.8708911440251,571.8883754293881
831.3,639.7049587987683 784.201109945027,551.5100794806847
861.6,633.6794360154668 808.9715115649956,527.8683427900887
165.60000000000002,624.0684579057105 198.85610992237588,515.3327398507251
195.8,628.5049957852007 221.8800108721318,536.6367871174283
226.1,632.9346569428862 243.10195419568814,554.8299408889732
256.4,637.162739273515 264.65167034380204,571.4124157526411
286.6,640.9987916236216 287.22749726316255,586.2914158010276
316.9,644.2924684719269 314.66968123229884,602.1806711172842
347.1,646.848552110004 342.6579838467017,617.4542535182987
377.4,648.5780846300944 372.1224391544854,632.5740351729364
407.7,649.604117904837 398.99574970181726,642.8449057159517
437.9,650.0961092863677 427.8756356938279,648.2016669403831
468.2,650.2254407677697 455.88125755601413,649.1044327769781
498.40000000000003,650.1575684379168 482.8552500643758,648.6071677015952
528.7,650.0259188457865 511.9738138876786,648.2404218301654
559,649.6892660035708 540.7982073750181,647.791335857857
589.2,649.0740063589761 568.9,646.4654450811997
619.5,648.1354282564434 596.7011103007417,643.6548400490141
649.8,646.8337007143355 624.6163406302569,638.659615605163
680,645.1329524477034 652.3176106926611,630.8476417460067
710.3,642.9787740881033 681.3619252772007,618.8136328797564
740.5,640.3411695746973 707.9005506665237,604.1026293657656
770.8,637.1567611906928 738.2437714112181,583.0579465821514
801.1,633.3856497366921 763.0028359701719,562.8615049507353
831.3,628.9936528378836 785.7968697137757,542.4004298319251
861.5999999999999,623.8996580444024 811.1192081402967,518.4610284703833
165.60000000000002,615.4628041983113 197.09714620300053,504.26422727760024
195.8,618.6224171405551 220.8619080422917,525.1947855543091
226.1,621.7468264069953 242.77833966304857,542.955481355139
256.4,624.7215966186452 264.83676218914457,558.2507267685129
286.6,627.4347363178085 287.98220576985545,571.2405170794414
316.9,629.8016387098749 315.4134856536183,585.0638779035967
347.1,631.7093463749933 343.4701455832159,599.8383477783574
377.4,633.0337742555229 372.67201756675854,614.549613747087
407.7,633.7735935118802 399.45342184955103,624.9403216303266
437.9,634.08386741349 428.8438916148679,631.0343068149634
468.2,634.1212254730742 456.72682031075027,632.5319744763159
498.40000000000003,634.0389390596456 483.0633248223272,632.2495999241579
528.7,633.9503797501098 512.0800817187225,631.9917393120855
559,633.7443346849112 540.820377409225,631.8601661058437
589.2,633.3650189595834 568.9,631.0633277869714
619.5,632.7676181553737 596.7076566430138,628.9660252916564
649.8,631.9104132154193 624.61022119212,624.8591696979598
680,630.7546233829789 652.3257111093519,618.0463221495232
710.3,629.2488166280797 681.5200172981146,607.0143761598937
740.5,627.3583525423079 708.156434801144,593.1480114823536
770.8,625.0246654706095 738.82355993861,572.9515109708544
801.1,622.2056102450169 764.0421048094217,553.3527030010088
831.3,618.8635840120897 787.2607944239558,533.4982351844483
861.6000000000001,614.924779077093 812.8946274544782,510.4526900099838
165.60000000000002,606.8717976712537 196.11108101113717,497.7881197617585
195.80000000000004,608.5799419631605 220.2504548495895,517.2572217926444
226.10000000000002,610.1714490188954 242.65559713715086,533.8217675241622
256.40000000000003,611.6330096326734 265.11877287655733,547.9595698311479
286.6,612.9531136488715 288.65416831988404,560.0576502055853
316.9,614.1332516053611 316.0038411437986,572.825008539073
347.1,615.1585305708837 344.07848151320536,586.4884693757098
377.4,616.0287385167712 373.0967402752106,599.9717602124641
407.7,616.733352957288 399.8302561044501,609.646140735931
437.9,617.2641969969872 429.53986573470985,615.4264918479682
468.2,617.6182694168931 457.3706481841685,616.7069144184255
498.4,617.7869325693865 483.2695166609867,616.3121821034123
528.7,617.7840498208212 512.1874651173503,616.0165412015212
559,617.7115825875309 540.8442828644643,616.0424727257403
589.2,617.554879761977 568.9,615.5220615320064
619.5,617.275024891203 596.7139174802444,613.8168769111674
649.8,616.8344410875776 624.6036260321849,610.231818713233
680,616.1975346039135 652.3337728656504,604.0735479407018
710.3,615.3217967531041 681.6190983841503,593.8815667128911
740.5,614.1743779418298 708.3529322657977,581.0154025025523
770.8,612.7081766134843 739.2108742384117,562.2921452216835
801.1,610.8859995742841 764.8740978297211,543.9486457117089
831.3,608.6742411870014 788.4981477385211,525.3254745855985
861.6000000000001,606.0154012659749 814.3257313405211,503.7646785349114
165.60000000000002,597.192175447738 195.16422515341222,491.34527735135237
195.8,597.917145668781 219.74504135155465,509.68491831849065
226.10000000000002,598.5801958709061 242.64860628124438,525.3134228662848
256.4,599.178463110649 265.48894983294974,538.6210765515032
286.6,599.7099443417943 289.3508134817709,550.0789166739962
316.9,600.1778147126729 316.59627545297144,561.9025843098814
347.1,600.578648419548 344.6343849093154,574.2757657610701
377.4,600.914766575618 373.48084935202615,586.1355976073702
407.7,601.1844045020209 400.18723529250485,594.5678912176404
437.9,601.3866801712148 430.0139690649734,599.4994554417107
468.2,601.5226170528728 457.81623315521625,600.4747075965696
498.4,601.5910090335116 483.4816524309245,600.0541643092362
528.7,601.5995382436439 512.2982394500648,599.8232596436388
559,601.5867767295916 540.8701932130143,599.9404427523767
589.2,601.5383828747428 568.9,599.6296175609806
619.5,601.4300766449456 596.7197825856545,598.2723667104142
649.8,601.2379688946904 624.5966748485373,595.2104035080251
680,600.9392678127904 652.3410564438985,589.7801635248709
710.3,600.5080117362486 681.6235839576549,580.6552080186358
740.5,599.9230491313574 708.4438883028988,568.9756294506064
770.8,599.1562245365141 739.331207295732,551.8879483538992
801.1,598.1846201744992 765.460107317996,534.7504867118558
831.3,596.9877263698804 789.6134173988399,517.1395498335321
861.6,595.5324510012493 815.7674925861813,496.7315118020488
165.60000000000002,584.8069740320407 194.09011325440915,483.74143359148144
195.8,584.9619361503287 219.19636284423171,500.2047354363076
226.1,585.1299190681196 242.71778941750895,514.4410144661645
256.4,585.3067618165289 266.01306645266686,527.3623950795449
286.6,585.4881898286498 290.18468946769605,539.540727707127
316.9,585.6717482091885 317.2189406410315,551.7518525607819
347.10000000000014,585.8525873089276 345.14458379259406,563.1106472540307
377.4,586.0282524245682 373.81470627300155,573.45147550696
407.7,586.1944781723813 400.5029451293775,580.6287454977365
437.90000000000003,586.347124495351 430.19661705598605,584.6577784146867
468.2,586.4835524452635 457.994632459429,585.4234655928028
498.4,586.5992275512692 483.6773360884156,585.0653029930056
528.6999999999999,586.6912652176043 512.4007663886076,584.9574259671532
559.0000000000001,586.7555848820251 540.89505292013,585.1650591581212
589.2000000000002,586.7884699750515 568.9,584.9663579806406
619.5,586.7864827448673 596.7247015712512,583.7848581264541
649.8,586.7457922928334 624.5898809950957,581.0129945616112
680,586.6630751468347 652.3470255367941,576.0310426927808
710.3,586.5341186839704 681.5215898962617,567.679380902831
740.5,586.3561213300736 708.417089249778,556.9274989467297
770.8,586.1242308118799 739.157665991932,541.2950256336629
801.1000000000001,585.8352637810452 765.7897247412644,525.199159492862
831.3,585.4867842027819 790.6430890581157,508.40124943648334
861.6000000000001,585.072794066015 817.2600915893267,488.9822552846331
165.60000000000002,569.5251980692932 192.74175861750967,474.019280795602
195.8,569.4518079377742 218.5569804142708,490.36592206285536
226.10000000000002,569.4058866588772 242.4752438042102,504.5422342148972
256.4,569.3864581998863 266.1987782505048,517.4152821888079
286.6,569.3921974384795 290.7882373618891,529.3238125647115
316.9,569.4218803286651 317.88311042021223,540.6317055994169
347.1,569.4740547678895 345.6896377062041,550.4606033144561
377.4,569.5478048695038 374.1746707027845,558.8642974738493
407.7,569.6417300454402 400.85107927296815,564.4151700860187
437.8999999999999,569.7541638671539 430.2,567.1452078470858
468.19999999999993,569.8845903521432 458,567.5084182355756
498.40000000000003,570.0308938095517 483.9098300380416,567.1161812081674
528.7,570.1927830310043 512.524991437182,566.9310364909786
559,570.3685365516426 540.9263379390932,567.1519042239277
589.2,570.5562502235804 568.9,567.1137968288451
619.5,570.7559076595542 596.7298939852426,566.2649495719511
649.8,570.9656445596949 624.5813927754887,564.0346010098933
680,571.1834638141559 652.3525970288545,559.8317744608845
710.3,571.4095488394539 681.3362238347551,552.6385894389417
740.5,571.641153876299 708.3048019478044,543.0834497644344
770.8,571.878553839238 738.7541457144015,529.2010070554226
801.0999999999999,572.119729236096 765.9553023796245,514.2961332775753
831.3,572.3626108334569 791.6527156526935,498.33092047753115
861.6000000000001,572.6075484007978 818.7076350644036,479.89962190982453
165.6,556.1683018368061 191.0018133915043,461.2022027846136
195.8,555.5119850144259 217.62185553917186,477.90988180787724
226.1,554.907394628466 241.78976837065215,492.5484519837432
256.4,554.3596307668208 266.0865313713334,506.14791131620314
286.6,553.8730442995875 291.12131864244407,518.4701994961636
316.8999999999999,553.4472467313781 318.46228422972763,529.5065278863444
347.1,553.0878707253579 346.1870130738143,537.820635241183
377.4,552.7953716976541 374.52093714250867,543.6055696494594
407.7,552.5738931778528 401.19981432546695,547.0031479278244
437.9,552.4266430096374 430.2,548.9678900815098
468.1999999999999,552.3554847438527 458,549.6939088138892
498.4,552.3637157111978 484.1299748269302,549.8137017300271
528.7,552.454232116228 512.641560246405,549.8257454439247
559,552.6299907811203 540.9564079651709,550.1540185808991
589.2,552.8928260093969 568.9,550.4030769840931
619.5,553.247325738022 596.7339164804035,550.0289895363497
649.8,553.6956239176051 624.5731928311234,548.4787078763034
680,554.2386195772903 652.3561289526049,545.1746575617944
710.3,554.8827630090165 681.1808996305259,539.2111877107602
740.5,555.6266468050758 708.2255790085667,530.8886619541244
770.8,556.4780570657533 738.4708432832077,518.6277255739697
801.0999999999999,557.4375716523579 766.086871770357,504.9429447947295
831.3,558.5043455709016 792.384292452455,489.9336787720123
861.6000000000001,559.6883125640807 819.637516134961,472.60894998574236
165.60000000000002,544.7511815233676 189.83165998614714,452.3683214616303
195.8,543.1819111821527 216.8161230632528,468.28491826241935
226.10000000000002,541.7043044925921 240.93677973620305,482.13890227079355
256.4,540.3325652448167 265.72685944074556,495.3078720766645
286.6,539.0795087960463 291.18961255847876,507.08133743584006
316.9,537.9456826083921 319.00384303490995,517.3182173854987
347.1,536.9473795387875 346.66161806300414,524.4095123531026
377.4,536.0868349198133 374.8208641264552,528.9849109031032
407.7,535.3764445344638 401.4876860407197,531.4258461972618
437.9,534.8266162551328 430.2,532.5632198309423
468.2,534.442533421511 458,532.7448096427851
498.4,534.2355035385613 484.34332107003826,532.5740939701901
528.7,534.2129499772656 512.7567435801752,532.5503683408407
559,534.3846535205164 540.9868161715158,533.0153885217799
589.2000000000002,534.7578098938425 568.9,533.5268383618891
619.5,535.3436163401433 596.737167571806,533.5705774892295
649.8,536.1498981204229 624.5643462889398,532.63047635811
680,537.1815404708607 652.3581106648434,530.1732475574628
710.3,538.4540055371607 681.0311623134045,525.4471244305381
740.5,539.9674485183502 708.1618945252063,518.3990967869713
770.8,541.7404433622022 738.2408700420226,507.6980925365321
801.0999999999999,543.7769206776023 766.2114597600286,495.25978131365895
831.3,546.0772889823927 793.0389216904766,481.2992705640697
861.5999999999999,548.6651932107982 820.4128077383415,465.23918348919716
165.6,534.1991413504569 188.68089834225236,443.47489367580243
195.8,531.4796192383354 215.88816809662887,458.0036371831469
226.1,528.8391652956533 239.80761988063028,470.4728074463679
256.4,526.3193149910178 265.0978184089904,482.6540239385964
286.6,523.9599439481675 290.98572065154826,493.41594398906136
316.9,521.7775818417805 319.53499081783525,502.62588242638924
347.1,519.8185022967831 347.1516909774548,508.4963461736654
377.4,518.101557931499 375.1274970295008,511.9388121974499
407.7,516.6653058097459 401.78889000354906,513.4619262531617
437.9,515.5443455329282 430.2,513.7938303703202
468.2,514.7623129627519 458,513.4138561838348
498.4,514.3549684028118 484.57642797391054,512.9331080919128
528.7,514.3503884276579 512.8833312986529,512.8595591967412
559,514.7030381498407 541.0211226222756,513.4200956746088
589.2,515.3983642941298 568.9,514.1775879806047
619.5,516.4533027502599 596.7398086040905,514.6723360690282
649.8,517.8780372838886 624.5534858239087,514.4463843193466
680,519.6773552452704 652.3581652511491,513.0361438309573
710.3,521.8739443563763 680.8728328748922,509.8446321620355
740.5,524.4633899150813 708.1082988244016,504.4232509525057
770.8,527.4722712531164 738.0503643665548,495.71023269350434
801.1,530.9013894867818 766.327756079719,485.0353811922782
831.3,534.745213065568 793.6012114418459,472.6629110571448
861.5999999999999,539.036257154399 821.0230152966732,458.3310707748617
165.60000000000002,523.5788632363685 187.61769678232864,435.04250232526056
195.80000000000004,519.7849088282317 215.05541674601665,449.2790511172328
226.10000000000002,516.0897880070064 238.86258332957593,461.22687245136353
256.4,512.5548731331154 264.5357897918536,472.92641894231565
286.6,509.23921900334386 290.6875968710039,482.8880101791052
316.9,506.1688826885055 319.8674742459175,490.9759609544652
347.1,503.41149350753966 347.4951392492879,495.3429242649245
377.4,500.9958049925985 375.3514295959962,497.2484258101544
407.7,498.9779483227902 402.02776761758867,497.42311121840294
437.9,497.40803265689254 430.2,496.5322284997585
468.19999999999993,496.32034816791287 458,495.24013821001057
498.3999999999999,495.7655924165682 484.78578321650787,494.2357045124517
528.7,495.7728970495604 512.9979079387311,494.05775043422005
559,496.35297893335166 541.053022874461,494.59661186190544
589.2,497.439816270757 568.9,495.3205109788237
619.5,498.95932096585176 596.7412082520974,495.77802785140153
649.8,500.8272975092092 624.5412546646292,495.515371217659
680,502.954884255691 652.3552245858804,494.07080953933803
710.3,505.5702971779068 680.6978250791568,491.0427131299112
740.5,509.0614837308615 708.0614667469738,486.6907857879612
770.8,513.3802311580112 737.8789201432177,480.22443904773644
801.1,518.426380438376 766.447724759751,472.1875488760757
831.3,524.0799203877137 794.1527211480501,462.50760019006844
861.6,530.2700921106053 821.5866108894312,450.9138635466318
165.6,511.82558583096096 186.48936999888178,425.82372741875633
195.8,507.17424167568663 214.1620732443954,440.28473957864594
226.10000000000002,502.6358079856233 237.95148640768298,452.0835980913381
256.4,498.2877946109651 263.9988298584126,463.7277664653881
286.6,494.2048671317485 290.36848605580826,473.5023329330799
316.9,490.42087967227485 320.09411778989556,480.9787743970784
347.1,487.0206440634788 347.75498868703767,483.51760454243777
377.4,484.040727101337 375.5236084485267,483.587869921566
407.69999999999993,481.5510554973125 402.22603504855,482.2282788366126
437.9,479.61366967301046 430.2,480.0240888256128
468.2,478.2705619171688 458,477.7723838231774
498.4,477.58340596864446 484.9732803090244,476.23188011215694
528.7,477.59046609666285 513.1008784140317,475.95768501325324
559,478.30846184694917 541.082170984898,476.4929667768416
589.2,479.64903350898874 568.9,477.23263801366136
619.5,481.5162205040637 596.7413161523293,477.74865388902526
649.8,483.802072015719 624.528703769432,477.6114393883444
680,486.3932805421565 652.3493912837181,476.3938134904946
710.3,489.60619642781427 680.5533874379609,473.95092988271966
740.5,493.9650827803383 708.0336462180275,470.69579981111707
770.8,499.39869990867646 737.7721294570224,465.869979951494
801.1,505.7576015277204 766.5325872294801,459.55622293590864
831.3,512.8558013086929 794.6277024367893,451.5027098390455
861.6,520.561125418399 822.2160411772314,441.52631999708433
165.6,501.8427804524089 185.36122793297625,416.2732986117153
195.8,496.5651935077132 213.31330826806249,431.98195533610965
226.10000000000002,491.29075557585435 237.2487519182724,444.4114945211779
256.4,486.1330218572271 263.57876462655656,455.9887615637303
286.6,481.2037135443464 290.05586175846406,464.57615322848716
316.9,476.5650245910091 320.28691014709386,469.8166236821246
347.1,472.3407996213478 347.98906016944227,470.3125855572523
377.4,468.59506858718356 375.66770777636475,468.8583667940097
407.7,465.4327396630964 402.4014312254588,466.42541265059594
437.9,462.9486017117756 430.2,463.4789742337838
468.2,461.2109382580412 458,460.78313898158416
498.4,460.31248256190133 485.1371270341268,459.04915718257047
528.7,460.2948306642081 513.1907101396129,458.76472253617203
559,461.0528865614318 541.108117807992,459.202767971643
589.2,462.48214016281804 568.9,459.75721584059795
619.5,464.49477969821845 596.740193975368,460.0890971204
649.8,466.9893169970657 624.5152046564683,459.858163953572
680,469.8575225390491 652.3403342348794,458.72790428347616
710.3,473.52634700710354 680.4239069169056,457.0405889055931
740.5,478.6013881935245 708.0150883971734,455.9477822814559
770.8,484.9712037200187 737.7065813065922,454.3027366390871
801.1,492.4167868855425 766.5692685823459,450.8925541049035
831.3,500.660578063917 794.8870032446309,443.9230355666655
861.6,509.4786101995179 822.7274328291298,433.4905124359854
165.60000000000002,489.39655345644985 184.56367938844417,409.2819987943021
195.8,483.1748189647086 212.47149432084007,423.90030170615375
226.10000000000002,477.1322510236025 236.48231364800225,434.4998987163998
256.4,471.3682515387499 263.0358858502291,443.5644585854225
286.6,465.9790897688767 289.65840894263323,449.50236421265265
316.9,461.0074411466941 320.47113114785327,452.2276531398256
347.1,456.56254760179314 348.2185800934124,451.3758330367517
377.4,452.6890700676652 375.7861753751834,449.68780796913006
407.7,449.4732362026885 402.5656231133614,447.75179934997254
437.9,446.9880381151608 430.2,445.7593151302917
468.2,445.27750922258303 458,444.083213586006
498.4,444.40721779927674 485.2743940497587,443.0744118582867
528.7,444.3929984303971 513.26538419061,442.9546248252562
559,445.1436830140349 541.129962156053,443.2921314318817
589.2,446.57836605975234 568.9,443.67222554804994
619.5,448.6302305311685 596.7380255095838,443.79313783306293
649.8000000000001,451.21850693086543 624.501618926032,443.35249026439743
680.0000000000002,454.2547612754113 652.3286062361954,442.0498204273614
710.3,458.19239620938185 680.3094868607479,440.43809999746856
740.5,463.72159780739935 707.9975816380073,440.1123970396481
770.8,470.6881303223934 737.6315326183465,439.977139554708
801.1,478.81106318790194 766.5877430211941,438.54924015409546
831.3,487.7434362872257 795.1659480037807,433.30063104562777
861.6,497.1960524543249 823.3822858103156,423.6768607174344
165.6,476.766688125366 183.63398279643857,400.8337140640707
195.8,470.05400182866646 211.48249890807517,414.51237681709273
226.10000000000002,463.6011954178097 235.82762734165988,423.89467783964795
256.4,457.50394127542575 262.68815590635194,431.16329285457505
286.6,451.8530277812643 289.5697159359718,435.1726134221823
316.9,446.68235337727987 320.5231498480249,436.01599322051123
347.1,442.0945798742441 348.31528226950525,434.2251386832587
377.4,438.1245758140946 375.8213110153041,432.4254961060379
407.7,434.84934460948966 402.6711482548976,430.92521046740177
437.9,432.33130385857487 430.2,429.69500611276584
468.2,430.6028752010087 458,428.8169715328921
498.4,429.71776398865006 485.3865365981534,428.3591095377118
528.7,429.7039181698075 513.3267375406809,428.35614628694543
559,430.5395196986751 541.147971052601,428.69955322511987
589.2,432.12700759305284 568.9,429.09767950986975
619.5,434.3804620750827 596.7351321465169,429.25715881781105
649.8,437.1972226565252 624.4888188490057,428.882720106491
680,440.46562142757506 652.3158687886564,427.6801982975137
710.3,444.7520797635542 680.2215369860804,426.26167384653286
740.5,450.74750424383933 707.9801811986124,426.2849006157183
770.8,458.27208101575246 737.5497828889089,426.7358477476226
801.1,467.01975301078613 766.5622619367531,426.16824153710627
831.3,476.6150517484077 795.3500764513101,423.1044442358217
861.6,486.74453417460813 823.9589289718285,416.0848378786054
165.6,468.1531447974419 182.72417791046146,392.1950295942911
195.8,460.84143368210954 210.55483430328422,405.7314404783502
226.10000000000002,453.742400182475 235.3346269477913,414.2371733024919
256.4,446.97611151612915 262.50979584731675,419.31035978777845
286.6,440.66182678350873 289.70020270813643,421.1814997787361
316.9,434.8570065797954 320.4794037204489,420.6331091631758
347.1,429.6955688619931 348.3115843804449,419.528784038778
377.4,425.23238826884744 375.7964441917746,418.32413830187096
407.7,421.56452302974316 402.7260495827646,417.1084890890357
437.9,418.76541638194647 430.2,415.95535146176064
468.2,416.8669803604489 458,415.04789862305137
498.4,415.9162047757988 485.4780465812838,414.56114684336654
528.7,415.9233361989562 513.3774202240432,414.5298439930492
559,416.90750060076726 541.1631929886288,414.671143693987
589.2,418.7574060640233 568.9,414.85021817721497
619.5,421.35148734565246 596.731379344136,414.996286325074
649.8,424.5490820096874 624.475736589651,415.0372735457111
680,428.2 652.3023851982737,414.9026350044816
710.3,432.76658827636555 680.1555474331244,414.55464790776756
740.5,438.6751977305984 707.9623312632316,415.2498361672687
770.8,445.88336130882163 737.4701054173664,416.8659471259805
801.1,454.2558746404192 766.5173947657813,417.74471462547075
831.3,463.60837386430256 795.4334030058119,416.17024778691393
861.6,473.8228776144304 824.455340115193,410.41450607293194
165.6,458.7139619107393 181.8324893727597,383.29369766756133
195.8,451.03159039276824 209.3310057804372,394.0520967819953
226.10000000000002,443.51880006034696 234.74366798800213,399.9839502173967
256.4,436.3138235110559 262.44267430926703,403.061712898376
286.6,429.5492091441504 290.0588799729375,404.1869025998861
316.9,423.2880317600004 320.3474235586973,404.4854853957191
347.1,417.675171848956 348.2246533035299,404.68831618769974
377.4,412.77262107469477 375.72138378346403,404.30817445714797
407.69999999999993,408.6937752278381 402.7508004684184,403.5200580193057
437.9,405.53476029817017 430.2,402.5457543165314
468.2,403.3546830577309 458,401.63602354787525
498.4,402.2402412749961 485.5537136348189,401.0697442066665
528.7,402.20251917924566 513.4191788009875,401.0783276592411
559,403.0633851306407 541.1753583805669,401.5477946714357
589.2,404.79877233203024 568.9,402.25598109158983
619.5,407.4303420920364 596.727502896798,403.0175432982302
649.8,410.96611382032717 624.4643190038674,403.64018087604273
680,415.4044219149296 652.2891284459465,403.94177771270364
710.3,420.7916081878021 680.0999692799251,403.76739436185727
740.5,427.11160933667594 707.9402705462129,404.7560226567844
770.8,434.4287423399778 737.3671365122624,407.07863155890897
801.1,442.7493770948797 766.4456458928156,409.01916732722043
831.3,452.07016206666066 795.4883212790094,408.8490054615835
861.5999999999999,462.48594107896656 824.9721024764966,404.6898740563672
165.6,450.1981191924651 180.8854219449779,373.25015257552155
195.8,441.19518359863775 207.96686781767147,380.6886200667227
226.10000000000002,432.2783937379833 234.26772274500507,385.9863274072187
256.4,423.8052283418885 262.4812829167133,389.7050502955226
286.6,416.1140584598022 290.400651781447,391.7685478248272
316.9,409.44604215275837 320.2036291680296,392.80578200024337
347.1,404.07830199592695 348.09695859715384,393.0708468110367
377.4,399.4382899118301 375.61645987662416,392.4087058807566
407.7,395.39019300535773 402.74710536437607,391.157367727782
437.9,392.11159611823433 430.2,389.6523479436962
468.2,389.7469044120734 458,388.2631842919464
498.4,388.4767701589952 485.6154141176745,387.4037139725101
528.7,388.40287598223347 513.4533200368999,387.4341783705706
559,389.27448530300836 541.1854022046324,388.292771264807
589.2,391.0326663398172 568.9,389.6621858339547
619.5,393.69974114592674 596.7230324097628,391.2542557683541
649.8,397.28671645708977 624.4528516800336,392.7663217557135
680,401.7973888587078 652.2755881440185,393.9187504505642
710.3,407.28725989839063 680.0558789191145,394.4368307554716
740.5,413.7515379893125 707.9163568942655,395.81567840346844
770.8,421.27132964874556 737.2489092633451,398.3255758365351
801.0999999999999,429.87301264230484 766.3492646670727,400.4985625429567
831.3,439.57762751578804 795.5133698736124,400.9541798482601
861.6000000000001,450.51502107638396 825.4100649118136,398.0278003848226
165.6,438.5029404553747 179.92623192532392,362.27485362187883
195.8,429.0254697239112 206.79346369873397,368.653962638439
226.1,419.794139802587 233.88548692757394,373.6066984890038
256.4,411.11992563765716 262.5449693958061,377.066673556372
286.6,403.2905402865581 290.77680631338706,378.8111719408071
316.9,396.49247692486233 319.994661284421,379.37549826363824
347.1,390.9445562588456 347.87431415030426,379.1934429351685
377.4,386.0355620718571 375.43997663938825,378.23716609335213
407.7,381.68125184840903 402.7103216209406,376.82227463718425
437.9,378.1085646518642 430.2,375.25900041312127
468.2,375.50565765536646 458,373.8840821880109
498.4,374.0969615488315 485.66283750207975,373.07266017099914
528.7,374.01019963725406 513.4794994041389,373.1735618713456
559,374.93930032717964 541.193330525678,374.3029662505021
589.2,376.80300178704647 568.9,376.16474736651855
619.5,379.61618103904533 596.717392201689,378.4404460924037
649.8,383.38387753235145 624.4395402207032,380.78727471932245
680,388.10589335638883 652.2590791341961,382.8957392585639
710.3,393.8384362565435 680.0126954942709,384.4436788854418
740.5,400.57720937604375 707.8847141384446,386.3381638065205
770.8,408.4104881332366 737.0821590419421,388.60439418365564
801.1,417.37311501384283 766.194943200292,390.1402694912346
831.3,427.4989372008445 795.4969302520028,389.9245842677559
861.6000000000001,438.941408932325 825.8186629505036,386.4440467831182
165.6,426.6733570873954 179.33639106428774,355.00212187250446
195.8,415.66735715338046 205.99937188972314,360.06232341834954
226.1,405.2895582952269 233.57729886019987,363.70492990448355
256.4,395.83901429948946 262.58696554257756,365.946890127184
286.6,387.5662590842751 291.1023120290222,366.76250362546705
316.9,380.57297677056 319.7553403521078,366.43904189541837
347.1,374.95270605671266 347.5732581643249,365.2934732448307
377.4,370.06704523029157 375.19688863804697,363.6272879796657
407.7,365.81167632363247 402.63248904773775,361.7428075284455
437.9,362.37409999669455 430.2,359.91848541921803
468.2,359.9037407863666 458,358.4512834500852
498.4,358.58300495871777 485.6927674689373,357.6513798710366
528.7,358.52063864916596 513.4960524672106,357.79353778041354
559,359.5311077756638 541.1985654399646,359.06403817968476
589.2,361.5423073780573 568.9,361.2169399422455
619.5,364.55600164338813 596.7100289492295,363.9728858455708
649.8,368.56532835509694 624.4233385702457,367.03385424007945
680,373.5599474944728 652.237801100924,370.14879488301403
710.3,379.5908781784293 679.9683855560874,373.024342166134
740.5,386.64708844893676 707.8386531510522,375.40009927795813
770.8,394.8165993436723 736.8247529606857,377.0014071647621
801.1000000000001,404.1337800828089 765.9444936070671,377.35118873588044
831.3,414.63548117167664 795.4069974762931,375.99490343413015
861.5999999999999,426.4870373821956 825.9122532169658,372.2467600052903