500,329.097 500,333.097
132.521,407.5188142355561 175.19876914323567,358.9504203378228
876.423,407.57326668462474 837.7365124014211,370.4490835073334
155.285,398.6139419949547 195.0738022050932,355.7525132973316
178.04900000000004,390.3720168858363 212.81633070040246,353.1526796619269
200.813,382.6640005459634 229.51387806070784,350.88162149312495
223.577,375.4484786575797 246.15319887340002,348.771186465886
246.716,368.6021850357927 263.9914330457703,346.6674396608359
270.358,362.1113269897086 281.5858705353362,344.74658779221096
294.3090000000001,356.0601553190718 301.38700516456765,342.76254303991743
317.8860000000001,350.63043968971573 322.8860000000001,340.8174013052949
341.90199999999993,345.6544668076152 346.90199999999993,338.89908442456505
366.293,341.19748266404923 371.293,337.22509142141104
392.6829999999999,337.0869304968636 397.683,335.7268998075022
419.32500000000005,333.73311939992664 423.3250000000001,334.58664940450893
447.155,331.14542678932924 449.155,333.7582215390402
473.5450000000001,329.62578058346037 474.54499999999996,333.2643770808508
854.2850000000001,399.25031992170193 823.5459260815587,367.3522573271598
830.049,390.78247874719744 806.8228817400637,363.9469794988598
805.8130000000001,382.85711554668535 787.0242656597482,360.1894129914555
781.577,375.433312457118 763.9067721157951,356.1349136762499
755.7160000000001,368.04965779346145 742.4819307565804,352.67599278942834
703.357,354.8119445376818 695.357,346.03517819776573
730.309,361.3363764541355 719.309,349.24614797797
677.887,349.2300513531483 671.887,343.2173354411002
651.902,344.1462943887731 647.902,340.6762548689612
627.293,339.9310771717116 623.293,338.43071349350043
602.684,336.3346186126442 598.684,336.56028691681325
578.325,333.4254108675778 574.325,335.08952501119927
553.154,331.1513075775556 550.154,334.0178444392308
526.545,329.62697546636934 525.545,333.33972045052025
500,833.974 500,801.974
132.52100000000002,754.7539417563481 190.7644307039874,566.7938684359874
876.4230000000001,754.6979400509738 814.1505503599819,575.574689894792
155.28500000000003,763.749455369866 204.5773241258889,589.332450947129
178.04900000000004,772.0752738114413 219.85940899802418,612.1535604189775
200.81300000000002,779.8617489056492 236.31337059893642,634.7794735432747
223.57700000000006,787.1507165204399 252.2170705045698,654.977164698037
246.71600000000007,794.0666975489073 268.10952064256577,673.65938084885
270.358,800.623625075699 285.11083938134726,692.0850329840581
294.3090000000001,806.7363907246839 302.85705865859785,709.6776047754049
317.8860000000001,812.2213746235776 322.8860000000001,727.5950195205137
341.90200000000004,817.2479971951337 346.90200000000004,746.4513219386636
366.2930000000001,821.7503483188119 371.293,762.7371843739305
392.6830000000001,825.9027411864379 397.683,777.1594483084777
419.32500000000005,829.2906902287732 423.32500000000005,788.0183652023353
447.155,831.9047225784003 449.1550000000001,795.824262191464
473.5450000000001,833.4398370374598 474.5450000000001,800.428537672495
854.285,763.1057103795705 801.5310359024808,594.9817059039185
830.049,771.6598518155619 787.0333475715597,615.5211327745398
805.8130000000001,779.6659865967504 772.8467121271385,634.2033050237959
781.577,787.1654496018325 757.3703925494774,653.1944094646387
755.7160000000001,794.6243550070973 739.7911402696044,673.1646118335643
703.357,807.9969808210977 695.357,716.7173565645501
730.309,801.4060549578589 719.309,694.4315869984088
677.887,813.6357620401951 671.887,735.9600684308343
651.9020000000002,818.7713302686599 647.902,753.0439790428651
627.293,823.0295070004973 623.293,767.9056690657554
602.684,826.6626189766137 598.684,780.0898220033453
578.325,829.6014760011062 574.325,789.5192371952693
553.154,831.8987558841386 550.154,796.2809737873246
526.545,833.4386232725079 525.545,800.4905422474799
500,358.366 500,358.36600000000004
132.521,423.9814629778377 175.70261440101874,365.6781096992307
876.4229999999999,424.02810083431353 836.8435030464818,378.2155288666437
155.285,416.5130053690211 195.44130473635136,364.78508238622805
178.049,409.6042827041963 213.11276488082913,364.053696315813
200.813,403.14596615097025 229.8139639939393,363.4110494461487
223.57700000000003,397.1028123688047 246.4312959569171,362.8141930928964
246.716,391.37126285719 264.187307511139,362.2206230632279
270.358,385.9395831336563 281.7576832442764,361.6764279679637
294.3090000000001,380.878088050715 301.4605382141315,361.11587747971936
317.88599999999997,376.33850159390903 322.8860000000001,360.5649104626948
341.90200000000004,372.1802872515741 346.90200000000004,360.019226440047
366.293,368.4577132494663 371.293,359.54273500335324
392.6830000000001,365.0264933011205 397.683,359.1160043744587
419.32500000000005,362.22879957725377 423.32499999999993,358.79101014551395
447.155,360.07178178470554 449.155,358.55473679103375
473.54499999999996,358.8060736335405 474.5450000000001,358.4137969323789
854.285,417.04810344042795 822.6550051228128,376.56419728757675
830.0490000000002,409.9501461050063 805.9729625522758,374.751564296051
805.813,403.309773065232 786.3735394624961,372.7661962528499
781.577,397.0921699687408 763.5877803417245,370.6321647316121
755.7159999999999,390.91076829958814 742.3465537023635,368.8001783647267
703.357,379.8358381846826 695.357,365.263375820592
730.309,385.2930294568688 719.309,366.97843778188377
677.887,375.16928273035137 671.887,363.759113507941
651.902,370.9213400969983 647.902,362.40335220782345
627.293,367.40103719792614 623.293,361.2059765680877
602.684,364.39918479624345 598.684,360.20923809183137
578.325,361.97244722472317 574.325,359.42598231949233
553.154,360.0767719975451 550.154,358.8556385643323
526.545,358.8070843490613 525.545,358.49499598870705
500,385.195 500,389.195
132.521,443.6037922333003 176.3511363809043,374.33762243120066
876.423,443.64574581050255 835.7620196351496,387.62112106414406
155.285,436.92508340368397 195.90357094806393,376.14677690425225
178.049,430.75337061433174 213.48207392026055,377.6345997847662
200.81300000000002,424.98895839484203 230.18608427145057,378.94811296902174
223.577,419.59944006315516 246.77489294047203,380.16473361658353
246.716,414.49189570044695 264.4284592576182,381.3689961487062
270.35800000000006,409.65553579230743 281.9687771511684,382.4769038338238
294.30899999999997,405.15263595835927 301.55067089950563,383.61236482030614
317.8860000000001,401.1176226690383 322.886,384.73002915477326
341.90200000000004,397.42502711435816 346.90200000000004,385.8407107050852
366.293,394.12259541129936 371.293,386.80942714750034
392.683,391.08203696791566 397.683,387.6759008091709
419.32500000000005,388.6059990729201 423.32500000000005,388.3349357140209
447.155,386.6996596365225 449.15499999999986,388.8134224471318
473.5450000000001,385.582757511311 474.5450000000001,389.0984583609438
854.2849999999999,437.40468993408103 821.572904572884,387.75289500449736
830.049,431.06431470823026 804.9388938348794,387.89714719824366
805.813,425.1376335852245 785.5825637197489,388.05362516467176
781.577,419.59264649736537 763.2007635568322,388.22095525629123
755.716,414.08437616024395 742.1822836718516,388.3656835513617
703.357,404.22804553082216 695.357,388.64685488142567
730.309,409.0825832617903 719.309,388.51005545057444
677.887,400.0807171211527 671.887,388.7667145744226
651.902,396.3091107956236 647.902,388.87462631015046
627.293,393.18677411488636 623.293,388.96982410874756
602.684,390.52715872462284 598.684,389.04897652967776
578.325,388.37960479032495 574.325,389.1110997672402
553.154,386.7041818732866 550.154,389.15627867549756
526.545,385.5836660642876 525.545,389.18480857101196
500,409.773 500,416.77200000000005
132.521,463.2031821645802 177.00167070046976,383.024005310397
876.423,463.240952665966 834.7786756694685,396.1732007670362
155.285,457.1361337214198 196.35004577751036,387.120346881094
178.04900000000004,451.5207629950516 213.8320722199779,390.505373622518
200.813,446.26915384546066 230.5347910149805,393.50759589027757
223.577,441.35308995855735 247.09404729645593,396.28100020751333
246.716,436.688587881807 264.6506774629468,399.0139734882467
270.358,432.2662504086519 282.1621996153294,401.5360958158617
294.3090000000001,428.1434791131534 301.6327893007548,404.10854294326214
317.8860000000001,424.4441169139194 322.886,406.64362943176997
341.90199999999993,421.0538977494143 346.90200000000004,409.1700085256199
366.293,418.01727487838406 371.29300000000006,411.370513220331
392.6829999999999,415.2166822979824 397.68300000000005,413.33595768794606
419.32500000000005,412.9316709194305 423.325,414.8286223701848
447.155,411.16862974373333 449.155,415.9107138218147
473.5450000000001,410.1332676522443 474.5450000000001,416.55432334447096
854.2850000000001,457.57030926813854 820.5929089084834,397.8858491496457
830.049,451.80094548174895 804.0056967785142,399.7604006379363
805.8130000000001,446.401186263226 784.872331863654,401.78049240493937
781.577,441.343153192035 762.8549784948184,403.9358835481385
755.7160000000001,436.3124743035402 742.0357581147379,405.81771992557117
703.357,427.2932707192249 695.357,409.50758275042733
730.309,431.73853846218714 719.309,407.70470878275535
677.887,423.4901795021501 671.887,411.0897248221378
651.902,420.0264816452062 647.902,412.5164710264614
627.293,417.1545428519868 623.293,413.7772788430719
602.684,414.70418067084347 598.684,414.82746916666866
578.325,412.722060616206 574.325,415.6532584027871
553.154,411.1726539967873 550.154,416.25497457024437
526.545,410.13408627929306 525.545,416.6357201621703
500,437.16200000000003 500,442.16200000000003
132.521,482.8390772918664 177.67403626609286,392.0018940429866
876.423,482.871367021028 833.7832217946025,404.83059957713704
155.285,477.65240134496224 196.78931347185295,397.91677808956996
178.04900000000004,472.85186141978045 214.16818692579216,402.8655947023662
200.813,468.3622986424415 230.8650306044402,407.29602342107097
223.577,464.1595910895802 247.39335701722652,411.395176663993
246.716,460.1719419134739 264.85745967953136,415.4332741502273
270.358,456.3913175100271 282.34131016883583,419.18504078250606
294.3090000000001,452.8667900708148 301.7085159176074,423.00937642336817
317.8860000000001,449.7042320135631 322.886,426.79818251954805
341.90199999999993,446.8059581065705 346.90199999999993,430.6013836138424
366.293,444.20997112005693 371.2930000000001,433.9264196423143
392.6829999999999,441.8157647263 397.68299999999994,436.9080787374685
419.32500000000005,439.862324982647 423.32500000000005,439.18196574336
447.155,438.35511379996746 449.155,440.83736830848824
473.5450000000001,437.4699902169645 474.5450000000001,441.82621499268237
854.2850000000001,478.0235748877479 819.6211699866527,407.93343027031517
830.049,473.0913874064462 803.0959277268943,411.32582592227647
805.8130000000001,468.4751722039188 784.190710778704,414.95439056366445
781.577,464.1510962195632 762.5276087300394,418.8138899850251
755.7160000000001,459.8504051286639 741.8981237146478,422.2107683740874
703.357,452.1399530481738 695.357,428.91671779226533
730.309,455.9401803738619 719.309,425.62953158650896
677.887,448.8887178018621 671.887,431.8014456077704
651.902,445.92762749077235 647.902,434.4028419385448
627.293,443.47242773436284 623.293,436.70168407632417
602.684,441.37763078240056 598.684,438.6165075915349
578.325,439.6831306465307 574.325,440.12217988963386
553.154,438.35855410487267 550.154,441.2192981542995
526.545,437.470690055323 525.545,441.91351827285206
500,463.366 500,467.366
132.521,504.0582200474824 178.4288457550047,402.08063089720537
876.423,504.0868606967437 832.656013795449,414.63385559632906
155.28500000000003,499.4463844616276 197.2685907081884,409.6965738235317
178.049,495.1760530339521 214.52859824965643,416.1192951968201
200.81300000000005,491.180939059135 231.21491046961157,421.9044874555987
223.57700000000006,487.43984371340855 247.70728999597583,427.2477805290133
246.716,483.88901281389604 265.07230970448813,432.4931897235588
270.35800000000006,480.5213839510318 282.52602594959586,437.38630578494144
294.30899999999997,477.38076010544285 301.786026908046,442.3555770599021
317.886,474.5616374761448 322.88599999999997,447.2893208847867
341.90200000000004,471.9770951374684 346.90199999999993,452.26031384708824
366.293,469.66114750326375 371.29299999999995,456.60576098579054
392.683,467.5242095395119 397.6830000000001,460.5019800999188
419.32500000000005,465.77974862350356 423.32500000000005,463.4729898723304
447.155,464.4329776851826 449.155,465.63566892260945
473.5450000000001,463.64155933233326 474.54499999999996,466.9274025906204
854.2849999999999,499.776107599092 818.5475833396865,419.0340959770425
830.049,495.38855576277916 802.1122441870592,423.83088801813307
805.813,491.28066992531836 783.4683353412022,428.91596049765496
781.577,487.43150175173184 762.1867532178619,434.304784532509
755.716,483.6018742090068 741.7564317977726,439.08709040243804
703.357,476.7323231689225 695.357,448.5868415700747
730.309,480.1187321950849 719.309,443.91620547641213
677.887,473.83399315964124 671.887,452.68290599306874
651.902,471.19323599388815 647.902,456.37429676963825
627.293,469.0026947583888 623.293,459.6342572871093
602.684,467.1328558824615 598.684,462.34786925389193
578.325,465.619579811905 574.325,464.4802399107384
553.154,464.43601815189965 550.154,466.03296639567196
526.545,463.642180044346 525.545,467.01480497681035
500,494.569 500,495.569
132.521,526.1532811045467 179.10149399771683,411.0622941292377
876.423,526.1756084499702 831.4986898674939,424.6990279260143
155.285,522.5668556846703 197.7274322660161,420.97409634221066
178.04900000000004,519.2474313379304 214.88817589509438,429.3423381524007
200.813,516.1430380360141 231.57410259015973,436.90176422642173
223.577,513.2369962176728 248.0361621188967,443.854763037455
246.71600000000007,510.47966059132165 265.300856472187,450.64067917478894
270.358,507.86547616909644 282.7249305636399,456.9856901771542
294.3090000000001,505.4283748482422 301.8703066491021,463.3912104693344
317.8860000000001,503.24156411927567 322.8860000000001,469.7531986976845
341.90199999999993,501.2374976766811 346.9020000000001,476.1758968105192
366.293,499.4424532564378 371.293,481.7770045430678
392.6829999999999,497.7869338526998 397.683,486.7865709372942
419.32500000000005,496.43619090585815 423.32500000000005,490.5966699815242
447.155,495.39400115773816 449.155,493.36293775988725
473.5450000000001,494.7819656748373 474.5450000000001,495.01083815668756
854.2850000000001,522.8235106680661 817.4245976153779,430.64553801034924
830.049,519.4130561226852 801.0678026951637,437.10833465898395
805.8130000000001,516.2210866001153 782.693545809352,443.8905535852313
781.577,513.2311222787416 761.8184004989222,451.04534738543174
755.7160000000001,510.25732788531246 741.6022469861728,457.45138802665
703.357,504.92578960852563 695.357,470.258657814912
730.309,507.5535288429947 719.309,463.9419872484129
677.887,502.6776613559151 671.887,475.79268361997055
651.902,500.63015931974473 647.902,480.77495115567797
627.293,498.9324648990016 623.293,485.17032316098204
602.684,497.48397783042327 598.684,488.8250933009969
578.325,496.3122835847291 574.325,491.6938318578214
553.154,495.3963800217911 550.154,493.78036560480604
526.545,494.7824495913388 525.545,495.09817763456556
500,527.211 500,521.211
132.521,545.8727834691704 180.01428470440914,423.2505051558256
876.423,545.8859757303574 830.2345777678281,435.69293016880044
155.285,543.7537200530197 198.2815629754843,434.593659452197
178.04900000000004,541.7924160044614 215.29423638737583,444.2747328663786
200.813,539.9581644851141 231.96162979770799,453.0821102177437
223.577,538.2411102647972 248.37896707787314,461.16530887200923
246.71600000000007,536.611920091354 265.5323524118367,469.0223441840799
270.358,535.0673117630986 282.9219552251453,476.3998304380545
294.3090000000001,533.6273341681783 301.9521378014832,483.8156932856012
317.8860000000001,532.3352424413807 322.8860000000001,491.19606861314577
341.90199999999993,531.1511263968922 346.90199999999993,498.67302351325634
366.293,530.0905124105475 371.293,505.18932877292224
392.6829999999999,529.1123377122126 397.68300000000005,511.01354681724183
419.32500000000005,528.3142422192985 423.32500000000005,515.4401942873188
447.155,527.6984574449411 449.155,518.6518931204768
473.5450000000001,527.3368321915583 474.5450000000001,520.5638220023274
854.2850000000001,543.9053663643782 816.2391168649829,442.90316579389616
830.049,541.890276514884 799.9974044433131,450.7157562174781
805.8130000000001,540.0042800005667 781.9204230148143,458.83293313350464
781.577,538.2376396087426 761.4593433972342,467.3634513915576
755.7160000000001,536.4805533268574 741.4542921569771,475.0736589241226
703.357,533.3303783220931 695.357,490.5845615760697
730.309,534.8829956017071 719.3089999999999,482.91196846102224
677.887,532.0020567268581 671.887,497.29876739868484
651.902,530.7922764717616 647.902,503.33672680555753
627.293,529.789182382906 623.293,508.6572934142627
602.684,528.9333341227469 598.684,513.0761395516373
578.325,528.241030750926 574.325,516.5404565837149
553.154,527.6998630126573 550.154,519.0570894402352
526.545,527.3371181168558 525.545,520.6445372223999
500,559.2289999999999 500,547.229
132.521,567.1808625315091 180.9042414369987,435.13382121262543
876.423,567.1865741558358 828.9893205301989,446.52285287995693
155.28500000000003,566.2716128711334 198.82955090539383,448.0622437904956
178.049,565.4313864290447 215.69984847031145,459.1906378566021
200.81300000000002,564.6466105110417 232.35171644522637,469.3693199942498
223.577,563.9128732217404 248.72574455943953,478.67645429700354
246.716,563.2175243009201 265.767235636779,487.6729726301938
270.35800000000006,562.5590948475458 283.122341431109,496.14520586061644
294.30899999999997,561.9460631599585 302.0354593384653,504.61216566554947
317.886,561.3967302639567 322.8860000000001,513.0435566908964
341.90200000000004,560.89401464337 346.90200000000004,521.6016861525238
366.293,560.4444165277724 371.293,529.0419028556466
392.683,560.0304702392714 397.683,535.674692660169
419.32500000000005,559.6933786437943 423.32500000000005,540.7023003071504
447.155,559.4338466699763 449.155,544.3401369002041
473.5450000000002,559.2817899021295 474.5450000000001,546.4998161565933
854.2849999999999,566.3369072395514 815.0640375295868,455.05324507997517
830.049,565.4737188347515 798.9303535538181,464.2806244827466
805.813,564.6668513794206 781.1474749831114,473.77193498728025
781.577,563.9119483352773 761.0997391232138,483.7064227933897
755.716,563.1620439658765 741.30570042765,492.77178828943846
703.357,561.8201880015002 695.357,511.1152230739035
730.309,562.4810922115462 719.309,502.0164665948247
677.887,561.2555643528038 671.887,519.0643779515748
651.902,560.7420920847285 647.902,526.2010047384599
627.293,560.3170123816053 623.293,532.4787411857158
602.684,559.9549282644473 598.684,537.683052033832
578.325,559.6625569790366 574.325,541.7555126526452
553.154,559.4344623342233 550.154,544.7082194032041
526.545,559.2819135939249 525.545,546.5670061449712
500,588.307 500,571.307
132.521,586.844372877891 181.75131641253518,446.4445504756267
876.423,586.8433389274626 827.5483402099973,459.0549667472832
155.285,587.0104555907812 199.34364149641138,460.6976908591733
178.04900000000004,587.1641738300301 216.07719308989502,473.06704028905466
200.813,587.3079342602912 232.71289617077502,484.4495848391361
223.577,587.4425092904279 249.04571031036616,494.8336937180467
246.716,587.570197929549 265.98333847883777,504.8323666838845
270.358,587.6912574219429 283.30645530679396,514.2871611834324
294.3090000000001,587.8041164254265 302.11193218877577,523.699253793094
317.8860000000001,587.9053847959973 322.88599999999997,533.0924650312653
341.90200000000004,587.9981905155179 346.90200000000004,542.6617592290073
366.293,588.0813166960932 371.293,550.9795450808369
392.6829999999999,588.1579816539901 397.683,558.3936424063407
419.32500000000005,588.2205328091837 423.32500000000005,564.0129024522437
447.155,588.268795265655 449.155,568.0785600066806
473.5450000000001,588.2971378356194 474.5450000000001,570.4921170008649
854.2850000000001,586.9985702311463 813.7684006771437,468.44986436257545
830.049,587.1565039609116 797.8014531647968,478.6317535736289
805.8130000000001,587.3043199324451 780.3579585401824,489.0311595673809
781.577,587.4427813049266 760.7431436110137,499.9126546958995
755.7160000000001,587.5804938690027 741.1612812633138,509.9729411720676
703.357,587.8273904964858 695.357,530.5273762379046
730.309,587.705703298305 719.309,520.2914251753989
677.887,587.9314984021039 671.887,539.4794909441426
651.9020000000002,588.0263155676668 647.902,547.5253411494847
627.293,588.104933595939 623.293,554.611087850945
602.684,588.1720111547256 598.684,560.4924352080044
578.325,588.2262707966311 574.325,565.1005359664538
553.154,588.2686851035438 550.154,568.4459980325794
526.545,588.2971154260734 525.545,570.5549177366518
500,615.3259999999999 500,597.326
132.521,605.6752200994084 182.66472090955807,458.64095725401245
876.423,605.6683978356459 826.052528439021,472.0639462421178
155.28500000000003,606.7710754156193 199.89891032573894,474.34522696359335
178.04900000000004,607.785346839465 216.4860067825265,488.10068069212224
200.813,608.7339141468067 233.1053565835181,500.8359059603146
223.577,609.6218738846869 249.39391668898713,512.4169938400745
246.716,610.4643954907317 266.2185949708318,523.512633964766
270.358,611.2631763271528 283.50696024373315,534.0442359526355
294.3090000000001,612.0078482848635 302.19517012818596,544.4748608043061
317.8860000000001,612.676042345056 322.886,554.9003412588231
341.90200000000004,613.2883977151092 346.90200000000004,565.5525045592617
366.2930000000001,613.8368850640601 371.293,574.7989037334129
392.6829999999999,614.3427396482992 397.6830000000001,583.0291811346577
419.32500000000005,614.7554678291021 423.32500000000005,589.2581195343419
447.155,615.0739155987527 449.155,593.7585272249605
473.5450000000001,615.2609269705574 474.5450000000001,596.4264111268676
854.285,606.6926528374088 812.4082944610888,482.513083640436
830.049,607.7347391229727 796.6054103432326,493.8364298209028
805.8130000000001,608.7100659068799 779.5167594369353,505.289270652956
781.577,609.623668704445 760.3617467824151,517.2460345049037
755.7160000000001,610.5323306766963 741.0062113076231,528.4426645470754
703.357,612.161416432061 695.357,551.504311805934
730.309,611.3584938357205 719.309,539.980311037102
677.887,612.8483464553352 671.887,561.5769301160586
651.9020000000002,613.4739738499143 647.902,570.6245984090029
627.293,613.9927152814138 623.293,578.5879136881323
602.684,614.4353098062481 598.684,585.1936806177579
578.325,614.7933285067072 574.325,590.366211078313
553.154,615.0731887215661 550.154,594.1191178186767
526.545,615.260779106763 525.545,596.483377106383
500,643.658 500,627.658
132.52100000000002,626.925568862113 183.51246585804404,469.96063245788554
876.423,626.9137249859232 824.5627454014246,485.02049422755954
155.28500000000003,628.8266402103343 200.44904709741556,487.8666260720541
178.04900000000004,630.585953569059 216.90742276980023,503.5977555870388
200.81300000000002,632.231124303887 233.5217752758756,518.222552338579
223.577,633.7710248690626 249.7710195176636,531.4594715791213
246.71600000000007,635.2319816314167 266.47734971685736,544.0587526923842
270.35800000000006,636.6169492597467 283.73035759800746,556.0570516918219
294.30899999999997,637.907962408106 302.2888756118019,567.8630935764677
317.8860000000001,639.0662599927492 322.88599999999997,579.6748173434374
341.90200000000004,640.1276389493893 346.90200000000004,591.7752825670864
366.29300000000006,641.0781978249574 371.293,602.2551471487294
392.683,641.9547483954008 397.683,611.5617964162558
419.32500000000005,642.6698147053525 423.32500000000005,618.5888182163062
447.15499999999986,643.2214386957617 449.155,623.6540962728417
473.5450000000001,643.545321985098 474.5450000000001,626.6499435423359
854.285,628.6905552840037 811.0094470256183,496.97687918013656
830.0489999999999,630.498101239256 795.3425465003235,509.8905672895841
805.8129999999999,632.1896745845523 778.6116935548846,522.7817544101846
781.577,633.7740411039618 759.9451407550252,536.1795702922894
755.716,635.3496815396668 740.8345243951874,548.8915630179063
703.357,638.1741036304129 695.357,575.278853240393
730.309,636.7821174474117 719.309,562.0471560536217
677.887,639.3648598766164 671.887,586.8284688744554
651.902,640.4492185336738 647.902,597.1891520186414
627.293,641.3482023322985 623.293,606.2958687062259
602.684,642.1151183048819 598.684,613.8397531149865
578.325,642.7353919544109 574.325,619.738654771696
553.154,643.2201754656612 550.154,624.0125456610626
526.545,643.5450652859481 525.545,626.7011246995197
500,674.299 500,655.299
132.52100000000002,647.4144146554513 184.44820325423987,482.45524350802765
876.4230000000001,647.3952575640142 822.8328751546951,500.06506534611583
155.28500000000003,650.4778290345052 201.01907657142516,501.87695299163073
178.04900000000004,653.3109429812779 217.33008303510965,519.1405873362063
200.81300000000005,655.9588118880349 233.9307465190248,535.2982468595403
223.577,658.4359891617829 250.1356934786694,549.8743315493716
246.71600000000007,660.7849863236962 266.7243884519782,563.6745752427964
270.35800000000006,663.0106487107511 283.94157737759133,576.8699306247631
294.3090000000001,665.0842005638309 302.3766973459675,589.7827836720555
317.8860000000001,666.9435454159391 322.8860000000001,602.7229628391301
341.90200000000004,668.6463054946961 346.90200000000004,616.0206118248695
366.293,670.1703071291126 371.293,627.5199918870725
392.683,671.5746517667002 397.6830000000001,637.7161794939298
419.32500000000005,672.7193560453069 423.32500000000005,645.4026406586124
447.155,673.6016219989222 449.155,650.9345852298744
473.5450000000001,674.119131950226 474.54499999999996,654.2013477554816
854.285,650.2582221551183 809.4555779616078,513.0435665596339
830.0490000000001,653.1688943575966 793.9917509976992,527.062534650095
805.8130000000001,655.8913799503006 777.6746500402357,540.8922796049594
781.577,658.4400538758034 759.5259588213794,555.2301735488826
755.716,660.9733999048625 740.6653317289923,569.0433824195707
703.357,665.5108891201493 695.357,597.9581127442534
730.309,663.2752749649866 719.309,583.4088001144468
677.887,667.4221783322996 671.887,610.6409753792317
651.902,669.1616069969009 647.902,622.0032901380109
627.293,670.602727253312 623.293,631.9769166639902
602.684,671.8312870431035 598.684,640.2274649646315
578.325,672.8241910694704 574.325,646.6698269949022
553.154,673.599568375508 550.154,651.3307613433766
526.545,674.1187168313747 525.545,654.2584926760484
500,707.447 500,684.447
132.52100000000002,670.3433983414798 185.6141131735726,498.0232768267646
876.4230000000001,670.3169595074598 821.1711285323396,514.5171696518074
155.28500000000003,674.5712376545547 201.6900895488277,518.3692777034746
178.04900000000004,678.4812377526431 217.81227155269787,536.8725002113549
200.81300000000005,682.1355798933604 234.38778782628506,554.3810011533166
223.577,685.5543493340919 250.53720666869663,570.149453881025
246.71600000000007,688.7962165184151 266.9931660209641,585.0165445342976
270.35800000000006,691.867868529309 284.1693922089568,599.3180295370908
294.3090000000001,694.7295917431492 302.47072055720764,613.2503190351244
317.8860000000001,697.2956863975505 322.8860000000001,627.2577091734884
341.90200000000004,699.6456773262757 346.90200000000004,641.7221526009652
366.293,701.7489624930596 371.293,654.2305390487625
392.683,703.6871082132388 397.6830000000001,665.3213851805477
419.32500000000005,705.2669224832341 423.32500000000005,673.6822903896777
447.155,706.484543810857 449.155,679.6996322055707
473.5450000000001,707.1987628639467 474.54499999999996,683.2530349005373
854.285,674.2681566856718 807.9310787586764,528.8065756001596
830.0490000000001,678.2851954673832 792.644961517193,544.1835755151295
805.8130000000001,682.0425166110113 776.7309287197139,559.1318687862149
781.577,685.5599590739463 759.1005454397755,574.5639780439826
755.716,689.0562474012818 740.4922574596144,589.6575230795347
703.357,695.3184675626193 695.357,621.4944395968168
730.309,692.2330810479218 719.309,605.422420594827
677.887,697.9562509865781 671.887,635.4777533950045
651.902,700.3568484835323 647.902,647.981892892001
627.293,702.3457484888933 623.293,658.9372962424566
602.684,704.0412923282311 598.684,667.9828949388478
578.325,705.4116060231354 574.325,675.0326851484732
553.154,706.4817095910191 550.154,680.1233690260674
526.545,707.198189955557 525.545,683.3148549330992
500,740.342 500,714.342
132.52100000000002,689.2666025605743 187.01294345728672,516.7014234854561
876.4230000000001,689.230207873939 819.6755377338641,527.5242273629075
155.28500000000003,695.0864842856074 202.53878727547942,539.2287826035518
178.04900000000004,700.4688407165552 218.4364855978695,559.8272340150344
200.813,705.4992681918867 234.98391177149708,579.2708450129654
223.577,710.2054153079047 251.05898026008362,596.4973389756062
246.71600000000007,714.6680455508939 267.3386386142969,612.4483927565228
270.35800000000006,718.8963641032519 284.45772778619477,627.7296369771555
294.3090000000001,722.8357027112318 302.58733045151286,642.355332384435
317.8860000000001,726.368090363163 322.8860000000001,656.9393021842584
341.90200000000004,729.6029979003973 346.90199999999993,671.8787862376277
366.293,732.498299731487 371.293,684.6055618482308
392.683,735.1662769231551 397.68300000000005,695.718002822302
419.32500000000005,737.3409887601113 423.32500000000005,703.9659103877398
447.155,739.0171196600552 449.1550000000001,709.812583738817
473.5450000000001,740.0002862628854 474.5450000000001,713.2142348190272
854.285,694.669274628052 806.5205212822983,543.3914505607856
830.0490000000001,700.198976412633 791.3718441573316,560.3680606627115
805.8130000000001,705.3711608405641 775.8265843582727,576.6104074950308
781.577,710.2131374610053 758.688508881636,593.2898447054007
755.716,715.0259941083191 740.3227679248221,609.8447012381326
703.357,723.6463266177386 695.357,645.0167516387892
730.309,719.3991016733044 719.309,627.2049462376165
677.887,727.2773982850598 671.887,660.4827453317879
651.902,730.5819688865198 647.902,674.2861804431794
627.293,733.3198124839151 623.293,686.3566904224164
602.684,735.6538332150336 598.684,696.3037169457901
578.325,737.5401545815702 574.325,704.0410654147871
553.154,739.0132181815417 550.154,709.6174343741842
526.545,739.9994976191314 525.545,713.1065714637231
500,772.4209999999999 500,744.4209999999999
132.52100000000002,709.7721330267568 188.2655196555325,533.4266847300877
876.4230000000001,709.7278457153353 818.1262687991273,540.9981203988063
155.28500000000003,716.8859719739081 203.2748728471399,557.3204778052159
178.04900000000006,723.4702020736306 218.97173085824681,579.51024590283
200.813,729.6279082554054 235.49454951918779,600.5914007647447
223.577,735.3921751922818 251.50753252211845,619.1477828732983
246.71600000000007,740.8614765920526 267.6375782419764,636.1853451295186
270.358,746.0468310273617 284.7097891382196,652.5669055970843
294.3090000000001,750.8809330271864 302.69054608422084,668.1172317989431
317.8860000000001,755.2185721838669 322.8860000000001,683.6328013289148
341.90200000000004,759.1937296855385 346.902,699.5572355920874
366.2930000000001,762.7542824403296 371.293,713.0742337820622
392.6830000000001,766.0380809397506 397.683,724.8346008944178
419.32500000000005,768.7173413893274 423.3250000000001,733.5328871188663
447.155,770.7845724488132 449.155,739.6784015142546
473.5450000000001,771.9985728379385 474.5450000000001,743.242621482143
854.285,716.3768850689519 805.0500397551973,558.5959279137742
830.049,723.1416777335251 790.0461961871049,577.2203403986449
805.8130000000001,729.4730953567472 774.8903567075222,594.7051642399388
781.577,735.4038264189627 758.2647808563897,612.5470546415644
755.7160000000001,741.3024836891103 740.1490911992449,630.5305978955378
703.357,751.8778338501462 695.357,668.993376859828
730.309,746.6655928244379 719.309,649.4575183538744
677.887,756.3370991210696 671.887,685.9120979967274
651.9020000000002,760.3984131103571 647.902,700.9751268447554
627.293,763.7658676860776 623.293,714.115351522224
602.684,766.6390080742173 598.684,724.9180351941706
578.325,768.9631172312005 574.325,733.3011722957995
553.154,770.7798538630993 550.154,739.3288862224948
526.545,771.997612967412 525.545,743.0916284349546
500,802.26 500,773.26
132.52100000000002,730.2534824652998 189.66168460345526,552.0692419871303
876.4230000000001,730.2021729352176 816.2873845256063,556.990779550027
155.28500000000003,738.4583998324233 203.96105907399829,574.1857344354981
178.04900000000004,746.0464904230582 219.4196287465781,595.9811614123439
200.81300000000005,753.138428662777 235.89579138847358,617.3443722846607
223.57700000000003,759.7731937712095 251.84984045449568,636.4332304661209
246.71600000000007,766.0646467789671 267.86380939205924,654.1489656655011
270.35800000000006,772.0257652282901 284.90198587471144,671.505318542085
294.3090000000001,777.5794773631204 302.7707322736801,688.1311433846312
317.8860000000001,782.5594666759752 322.88599999999997,704.9867229576455
341.90200000000004,787.1200660639536 346.90200000000004,722.6065064422435
366.293,791.2018865199933 371.29300000000006,737.7742757727494
392.683,794.9632228201538 397.68300000000005,751.1378090781436
419.32500000000005,798.0291495455681 423.32500000000005,761.1141324328914
447.155,800.3921727443676 449.1550000000001,768.1732099651713
473.5450000000001,801.7782491485735 474.54499999999996,772.1799086361827
854.285,737.8702142082578 803.4011002748166,575.6456238969129
830.0490000000001,745.6660334965035 788.6239222294383,595.3009765358727
805.8130000000001,752.9578218598584 773.9203086039654,613.4535791694103
781.577,759.7840805264875 757.8384583356204,631.9221768752222
755.716,766.5692856142757 739.9781291247577,650.893163998898
703.357,778.7223016476922 695.357,691.8369108871095
730.309,772.7345288105269 719.309,670.965536684006
677.887,783.8414165012341 671.887,709.8994273618399
651.902,788.500227453041 647.902,725.9820650491572
627.293,792.3600619895597 623.2930000000001,740.028587176445
602.684,795.6505837109219 598.684,751.6113874650637
578.325,798.3099351671035 574.325,760.6566151601819
553.154,800.3866724077069 550.154,767.246363734415
526.545,801.7771373120896 525.545,771.4977087275802