372.989,301.415 368.8471078266838,251.9179788142925
71.665,365.71938364683103 76.45674598515589,377.01021359300967
681.646,365.76346398020024 694.2656773334633,255.66973097239918
90.33100000000002,358.41754632761905 93.90814548367374,365.90084380246327
108.99600000000001,351.6596623301587 111.46895018699233,355.34124960408053
127.66199999999999,345.3392015089226 129.11617053208425,345.22546787527887
146.329,339.4222720862433 146.84497794412758,335.5180183716426
165.302,333.80857161591194 164.94391072216467,326.05685052629735
184.688,328.48615616397234 183.51904062813867,316.8085267335912
204.327,323.52436922811944 202.42277476752105,307.8748110049403
223.65900000000005,319.0722241153819 221.11628222282195,299.5186793383334
243.353,314.9917141866111 240.2503018776829,291.46691399751813
263.352,311.3372598664832 259.77963629750093,283.78532100504856
284.99100000000004,307.9666920793359 281.0238127011357,276.0658819852746
306.83700000000005,305.2165854202229 302.6040445912046,268.93263280987225
329.657,303.0947026430972 325.2944932050429,262.24227746117873
351.29599999999994,301.8486122303749 346.962331395773,256.6741406325846
663.494,358.9391017064755 674.5237870746989,252.3701462031667
643.621,351.99565408263993 653.013925615539,249.2922378712979
623.7479999999999,345.4970251609134 631.5936398844469,246.66499633713812
603.875,339.40966417437136 610.2525436565998,244.4540274884043
582.67,333.355351723751 587.5716576575578,242.54187872089378
539.737,322.5007476712778 541.9288995102631,240.09165627749735
561.836,327.8503896745881 565.3737784936709,241.1121603361645
518.852,317.9236694308343 519.8638953013328,239.6119216001871
497.545,313.755113381285 497.45517206131,239.62996571386745
477.366,310.2986906707247 476.32899549877965,240.14482382813202
457.187,307.34964675497974 455.3040336933774,241.17358957827759
437.213,304.96414575290174 434.60088516091105,242.73217577321418
416.574,303.0994918033882 413.3255028307413,244.95081153652302
394.755,301.8495594039914 390.9786845939146,248.0267100568729
372.989,715.401 451.22948539383947,671.2117081485816
71.66500000000002,650.4440447748023 133.1160812761952,665.3850227656733
681.646,650.3985221506894 750.9071476536812,543.953220982407
90.33100000000003,657.8199823533457 153.4891752220648,669.1410394879078
108.99600000000001,664.6464464813747 173.75245100167416,672.3408213370238
127.66200000000005,671.0310483900486 193.928529383606,675.0928176541618
146.32900000000006,677.00802379643 214.02322270710323,677.4316132530995
165.302,682.6786930326316 234.36788241866768,679.399405914886
184.68800000000005,688.0551212416373 255.07271434226402,680.9870250181131
204.327,693.0672612164063 275.9609386631894,682.1553014420379
223.65900000000005,697.5645874380912 296.4360855234065,682.8632567837728
243.353,701.6865070601634 317.20189819780495,683.1189328420504
263.35200000000003,705.378047390428 338.19226596568876,682.8780252993208
284.99100000000004,708.7828202599679 360.78583048786044,682.0203292560338
306.8370000000001,711.5608354587704 383.4662663746044,680.4865020600264
329.657,713.7042514551644 407.00433550745834,678.1163023527469
351.29600000000005,714.9629874006063 429.1710902722124,675.0850270460312
663.4939999999999,657.2922447059 733.895180400345,554.5470784096349
643.621,664.306262950455 715.1612262726871,565.6069360006126
623.748,670.8709415209551 696.3400636522073,576.2103636068324
603.875,677.0201721818487 677.4364810413779,586.3928907652772
582.67,683.1360184137859 657.1776789823872,596.8064428506334
539.7370000000001,694.1009446271145 615.877069229648,616.4553056404031
561.836,688.6969308509828 637.1831255977969,606.5846757998565
518.8520000000001,698.7245425894612 595.6429815812065,625.2949407609723
497.545,702.935466293216 574.9005917581547,633.8000218489486
477.36600000000004,706.4270187994294 555.1589430223303,641.3514946801196
457.187,709.4060357013533 535.3129654534272,648.3847230305797
437.2130000000001,711.8157820489087 515.5628347464401,654.8000551349644
416.57400000000007,713.6993876480598 495.0344877815605,660.814857942423
394.755,714.9620238957552 473.18618998210934,666.435879158544
372.989,325.415 373.6231169719628,276.22597701726124
71.665,379.2187298481598 79.14297423653902,390.682109943501
681.646,379.2566432157313 696.9507998543008,269.3359809308712
90.33100000000002,373.0946832260959 96.82875857538832,380.76542887831215
108.99599999999998,367.42990644360356 114.60704775682282,371.31298485788886
127.662,362.1341462845794 132.45819611505078,362.23495713753414
146.32900000000004,357.1785600700206 150.3782581846288,353.50116980728734
165.30199999999996,352.4788788260604 168.65908460658017,344.965723095143
184.688,348.0249492617305 187.40707606968178,336.597013262392
204.32699999999994,343.8746456072514 206.47228781127671,328.4852484670262
223.65900000000005,340.15235034994015 225.31108103811346,320.86835510553067
243.35300000000007,336.74242024618644 244.57853500876286,313.4958428941365
263.35200000000003,333.69012302601993 264.2276766080174,306.4242816399087
284.991,330.8765813791299 285.5827817792033,299.26907848865386
306.837,328.5824788381057 307.25379525515035,292.5978603362837
329.657,326.8137390187139 330.01448675253886,286.265365240426
351.29600000000005,325.77587141459196 351.7238201217364,280.90828241633795
663.494,373.53336980977383 677.4280256928241,267.1515731979338
643.6210000000001,367.7131418048621 656.1415951971113,265.21131800964736
623.748,362.26812675329137 634.9309494766425,263.65118416424633
603.875,357.1697779528155 613.786814167838,262.44202414606366
582.6699999999998,352.1012219544779 591.3021065847743,261.52825142335433
539.737,343.0199711092835 546.012250938919,260.87411852304086
561.836,347.4945769861523 569.2830693227254,261.0084330442564
518.852,339.19342703681923 524.0966056164477,261.1546001109483
497.545,335.71019144627434 501.82418930516167,261.8667329624064
477.366,332.8235680687576 480.8115181823079,262.95871701688003
457.187,330.3620752966433 459.8835384900194,264.48130407799783
437.213,328.3721784193178 439.2590410360475,266.440552646923
416.574,326.81780733954224 418.04547536332535,268.97346801067414
394.755,325.776674040167 395.7401238497267,272.2608701052145
372.989,347.414 378.00102512806865,298.50779858717476
71.665,395.3082061077435 82.3448192455421,406.97830259611294
681.6459999999997,395.34231274125483 700.1519696836178,285.62871495230587
90.33100000000002,389.8317781120806 100.1595348274258,397.7175568775614
108.99600000000001,384.7713372755996 118.05805541561546,388.87731466554305
127.66200000000002,380.0445957157075 136.02247365108855,380.3756143443282
146.329,375.6250319697183 154.04916084299842,372.1847708571737
165.30200000000002,371.4370309907644 172.43182338904512,364.1675798837103
184.68799999999996,367.4712721213644 191.27699609730396,356.2932998537878
204.327,363.7790138043971 210.43334562732704,348.64548341855937
223.65899999999993,360.47045782949647 229.35450985128094,341.44762432678147
243.35300000000007,357.44236221070776 248.69792594208877,334.4618507822024
263.35200000000003,354.73456065958567 268.4155815030948,327.7392445097446
284.99100000000004,352.241355747999 289.8344904688654,320.90845145039646
306.837,350.21100944362263 311.557998016237,314.5043979170514
329.6569999999999,348.6478221552896 334.35953572871233,308.3801185572222
351.296,347.7319718943814 356.0931773269707,303.1466259491332
663.4939999999999,390.22496860515264 680.7497864170089,284.0580227342041
643.6209999999999,385.0259762728361 659.5868870781785,282.7470186724864
623.748,380.16620306917184 638.4926848854498,281.779651114375
603.875,375.6194105283719 617.4584600879724,281.1292056533857
582.67,371.10281909555664 595.0836131658001,280.77448551607824
539.737,363.0208241654661 549.9926205156221,281.1324484504192
561.836,367.0012748025517 573.1651647529811,280.7662952081931
518.852,359.62005049474817 528.1617022742932,281.8441970584193
497.545,356.5274071161396 505.9669468569614,282.95191764006694
477.366,353.96711578315603 485.01931935953405,284.37440933885745
457.187,351.78625509841737 464.1471412878412,286.18121294690144
437.213,350.0252848996804 443.56812544822236,288.3722784119985
416.574,348.6515094487215 422.3905496849751,291.0880517424785
394.755,347.73269383567975 400.10944400196666,294.4992728618132
372.989,367.568 382.0115331563867,318.9196987699269
71.665,411.3788801277184 85.5428415937571,423.2550393361267
681.646,411.409583325262 703.3492792797847,301.9018018586742
90.33100000000002,406.4041038937833 103.45741777366884,414.50227299202703
108.99600000000001,401.79992562569174 121.44668046215159,406.12414046153737
127.662,397.49376583241985 139.49481115403893,398.0483358735675
146.329,393.4625338858565 157.59871731506254,390.250762576372
165.302,389.63789325592137 176.05368489281977,382.6015266564755
184.688,386.0117064840288 194.96645240377484,375.07110101246803
204.327,382.63121762249466 214.18481789886954,367.7390099260495
223.65900000000005,379.59795014081556 233.1607885659928,360.81990414684145
243.353,376.8178794642785 252.55353042053494,354.08529396026944
263.352,374.3280824851073 272.3145212167648,347.5834762463086
284.99100000000004,372.03169874094345 293.7726448661017,340.95196759954604
306.83700000000005,370.1580380921989 315.5273328701908,334.7066021289261
329.657,368.712389339786 338.3522043660156,328.7013813263775
351.29599999999994,367.8634220594229 360.0991813474349,323.5356418652792
663.494,406.76004192583815 684.0401853210451,300.8048529981262
643.621,402.02936587335853 662.9703722844283,299.9681383401642
623.7479999999999,397.60175154118895 641.9621377606497,299.43841982233903
603.875,393.45434028356283 621.0075198916343,299.1924737827219
582.67,389.32944549411275 598.7106275846384,299.2344212763155
539.737,381.9340393166528 553.7562569686004,300.2877021327402
561.836,385.5788314552906 576.8620718632756,299.5816444004894
518.852,378.8156065732327 531.9815152015155,301.28540511098686
497.545,375.9755061871757 509.83695018335663,302.64887885971586
477.366,373.62059303308723 488.9302872365415,304.2793623552781
457.187,371.61136473819323 468.09222445206507,306.2599935471113
437.213,369.9860867674979 447.54014876064605,308.58848159762914
416.574,368.71566978403223 426.383197554076,311.4089344424361
394.755,367.86407190508424 404.11539634960366,314.8882529837715
372.989,390.026 386.4806756881895,341.6658672397375
71.665,427.4804589315016 88.74699761708875,439.5629941866636
681.646,427.5067074717754 706.5525316336807,318.2051351362769
90.33100000000002,423.227461694191 106.80527164671633,431.54131827282794
108.99600000000001,419.29129320470105 124.92744559313445,423.8399246000621
127.662,415.60990436568653 143.09995129732584,416.3969663773867
146.329,412.1635547158792 161.32021304276049,409.1918645221385
165.30199999999996,408.8938225173008 179.88562797941483,402.1047116404792
184.688,405.7937509567691 198.90313660291235,395.1071895240114
204.327,402.90372955424033 218.21909789430998,388.27191713048114
223.65900000000005,400.31055196936614 237.28268928808816,381.7985607728796
243.353,397.9338354396484 256.75567756229543,375.4724969587069
263.352,395.8052774551412 276.5885131581962,369.3365919019848
284.99100000000004,393.842070818205 298.1129942487231,363.04248365563933
306.83700000000005,392.2402553418806 319.92177816241804,357.0724353120504
329.657,391.00435248695555 342.7883142669567,351.27960235069156
351.29599999999994,390.27855994309766 364.55980965707204,346.2385201291552
663.494,423.53175748475473 687.3776890786157,317.7914283536792
643.621,419.48744448740564 666.4443658218406,317.6499234775743
623.7479999999999,415.70222267297663 645.563943341933,317.77083532957226
603.875,412.156549904752 624.7292178307648,318.1343996701213
582.67,408.6301267414229 602.5514369139046,318.78248072634653
539.737,402.307703266981 557.8105960181597,320.92250413307534
561.836,405.42368078381014 580.8112419482192,319.6808819390991
518.852,399.6417168549622 536.1258901320346,322.37849443425273
497.545,397.2136801900788 514.0632604295447,324.1593174822351
477.366,395.20043604250793 493.2246990786841,326.1358614724277
457.187,393.48272212222747 472.4446115452427,328.4117763849497
437.213,392.09325204474396 451.93939852383625,330.9791173219508
416.574,391.00715697898903 430.81919846867453,333.98629593230874
394.755,390.2791155041264 408.575916129542,337.59083185503806
372.989,411.513 390.75645825909345,363.4279099595589
71.66500000000002,444.87900983416216 92.20904077234421,457.18349801213316
681.6460000000001,444.9022910410781 710.0141579237511,335.8234932468659
90.33100000000002,441.0974701030311 110.36117971385065,449.63926426086886
108.99600000000001,437.59613426336665 128.56983551863888,442.37831809699776
127.662,434.3202753939646 146.8230722005304,435.3460687863883
146.32900000000004,431.2525455900603 165.11862816625256,428.5244590891382
165.30200000000002,428.3410697584976 183.75534670094302,421.80016075245635
184.688,425.5797280533339 202.84029994888712,415.14571669406916
204.327,423.00457167616923 222.21890768563821,408.62938447869163
223.659,420.6930657854631 241.33859483990818,402.4413310907489
243.35300000000007,418.5736866474548 260.8627775867076,396.37594916866243
263.3519999999999,416.6748023926874 280.7412855402185,390.47274263781765
284.991,414.9226058277647 302.30782879769623,384.3923916441018
306.837,413.49219806495296 324.1507432884285,378.5960457465436
329.657,412.38789127997353 347.0434273874764,372.93661416145994
351.29600000000005,411.73895795848824 368.83026381736397,367.97348529608206
663.494,441.36777735793004 690.9269465519351,335.8557464507127
643.6209999999999,437.77015125435764 670.0823896417207,336.16658299785064
623.748,434.401841528138 649.2848930514663,336.709668816632
603.875,431.24567155616216 628.527811469599,337.46769333337795
582.67,428.105591892704 606.4269189498043,338.507009267255
539.737,422.47285181847707 561.8233192449443,341.3454999049372
561.836,425.2494411785218 584.7564939117343,339.76017826180725
518.852,420.09631457015826 540.1962084294798,343.0946672857725
497.545,417.9310096966991 518.1857994880132,345.1415971116372
477.366,416.1348383080087 497.390542307205,347.33800793468197
457.187,414.60163576180474 476.64713885127514,349.8008372061346
437.213,413.3608068814016 456.17144748053204,352.51875968318717
416.574,412.3903696208031 435.07433159770807,355.64311717541676
394.755,411.73945055720014 412.84632856022847,359.32582683399505
372.989,437.098 395.847803106121,389.34084220646906
71.66500000000002,462.99711906721154 95.81460980262842,475.53449482009455
681.646,463.01526948479295 713.6184461282028,354.1679461134145
90.33100000000002,460.0562440690418 114.13409122967415,468.84165856969014
108.99600000000001,457.3344507422621 132.4978280768774,462.37032147581687
127.662,454.78883319513074 150.89641543130847,456.0776539359847
146.329,452.40574123561686 169.32815366781148,449.9494606214263
165.302,450.1447772290683 188.09432987697295,443.8839938398068
184.688,448.00113065791044 207.30223844480972,437.85513155060073
204.327,446.00273018581254 226.7955962661457,431.92293922287115
223.65900000000005,444.20959214700366 246.01847367563965,426.259850207426
243.353,442.5661332332134 265.63732698132077,420.6764445306307
263.352,441.09427171779174 285.6007526811202,415.2057211248078
284.99100000000004,439.73674783694923 307.2458884195331,409.52499635995815
306.83700000000005,438.62911977533713 329.15302604725537,404.05550974684155
329.657,437.77451404591653 352.09530848982394,398.64889150904247
351.29599999999994,437.2726408898833 373.91141425626915,393.8345819504891
663.494,460.26665941440496 694.6876644905155,354.99631476011734
643.621,457.47008600628345 674.0024365540601,356.1186717067392
623.7479999999999,454.8526697289053 653.3543629285148,357.4223949748404
603.875,452.40089752828266 632.7376381518848,358.8939956069272
582.67,449.9624361008872 610.7764023091524,360.643999676437
539.737,445.5905881813279 566.4237522300513,364.7596797757137
561.836,447.74523344977786 589.2332217531363,362.54441250461537
518.852,443.7471040812714 544.9027250640717,367.0488165698601
497.545,442.06815816996146 522.9890307032833,369.58836136398344
477.366,440.6760342045702 502.27429991470683,372.1939946822123
457.187,439.4882643471519 481.59959027976504,375.0066900428024
437.213,438.52746950446345 461.1795421166687,378.00820190784225
416.574,437.77645330428976 440.1261524478394,381.35474071006007
394.755,437.2730250508522 417.92739352258474,385.1867766221196
372.989,463.86400000000003 401.1741371538425,416.4497765744878
71.66500000000002,479.1654747470403 99.03199421655424,491.90977722739973
681.646,479.1761982066124 716.8343749969815,370.53579801899104
90.33100000000002,477.4279745486005 117.59099491432404,486.4357175243898
108.99600000000001,475.8199101295636 136.1763258916575,481.0924905358929
127.66200000000003,474.31593223317384 154.782233418911,475.8548153293857
146.329,472.9079761809334 173.4079666049957,470.71427090663514
165.302,471.5721746210275 192.35825952991638,465.58583201977535
184.688,470.30568544855686 211.7407617926658,460.44537302277166
204.327,469.12500921478517 231.3968292556795,455.34141540866966
223.65900000000005,468.06560420770415 250.76576290636302,450.4214585018652
243.353,467.0946312181635 270.51841059969087,445.5191553345876
263.352,466.22503979496037 290.6016385876152,440.65847138628664
284.99100000000004,465.4230002612098 312.3573831489467,435.5403113580679
306.83700000000005,464.76860183283515 334.3547215839821,430.5298988693108
329.657,464.26369168691593 357.3665175969898,425.4774703640695
351.29599999999994,463.9671796934643 379.2235181200579,420.87114249154706
663.494,477.552290170499 698.1274062731591,372.5032412652866
643.621,475.90004488479775 677.6698025757182,374.7846759225969
623.7479999999999,474.35364753565017 657.2348299450084,377.17313723537404
603.875,472.9051144671715 636.8179041724101,379.6608869091586
582.67,471.4644455449547 615.0552424263607,382.4214465158367
539.737,468.88151133914505 571.058591460165,388.34897229607566
561.836,470.1544986588472 593.6926863542953,385.2407857642642
518.852,467.7923613441054 549.6876786958705,391.402176498755
497.545,466.8004222593479 527.9106217229989,394.6375355580031
477.366,465.97794062798806 507.309372106426,397.8201001789277
457.187,465.2761935750703 486.7313356791159,401.1250722619951
437.213,464.7085457726747 466.38944123065926,404.5247580256371
416.574,464.26483742136924 445.39727785002395,408.18253131576654
394.755,463.9674066598468 423.2394129505355,412.22320869246903
372.989,490.117 406.39834561659404,443.0389320935944
71.66500000000002,496.63791829346786 102.50909626013453,509.60692515793545
681.6459999999997,496.6425619985936 720.3101002509117,388.22591448055596
90.33100000000002,495.8922886567757 121.26551969114438,505.1373683227485
108.99600000000001,495.2032967325879 140.0336886928837,500.725015040987
127.66200000000002,494.5597388158525 158.81084291622312,496.35872479543
146.329,493.9580039417941 177.59694164542992,492.03467783297003
165.30200000000002,493.38779692896077 196.69958422684897,487.68158258979065
184.688,492.84784874606834 216.22669420190036,483.2769069385265
204.327,492.34513836082556 236.01764345769715,478.85955230699597
223.65899999999993,491.8946700279095 255.507784344946,474.5562560577785
243.35300000000007,491.48238708766183 275.3715654236793,470.2197200463703
263.35200000000003,491.113713001488 295.55440892995074,465.86633035027506
284.99100000000004,490.7742567950159 317.4022573076813,461.2165562361217
306.837,490.49781996822105 339.4747978033988,456.5888808324961
329.6569999999999,490.2849880327323 362.544621835942,451.8321785666758
351.296,490.1602926842595 384.43582112252375,447.3997551275213
663.4939999999999,495.94582254505696 701.787632006696,391.13234395918676
643.6209999999999,495.2379664814 681.5178517926718,394.3703138115596
623.748,494.5762959671297 661.2589017247077,397.65479684513457
603.875,493.95723856821996 641.0071891846267,400.98264045295684
582.67,493.3422931271762 619.4088530417204,404.5794428742751
539.737,492.241908908075 575.707220452364,412.0084486384577
561.836,492.7838574126024 598.1959190862224,408.1599162204888
518.852,491.7788849007151 554.4609008595788,415.69582829108526
497.5450000000001,491.35781361836894 532.7973662573658,419.5093533487671
477.366,491.0092234245509 512.2905374847566,423.17184581856765
457.187,490.71229368105276 491.7930125582685,426.88683577748134
437.213,490.47253309795923 471.51628705971444,430.6186021018797
416.574,490.28549006713575 450.5752720264915,434.5363235185225
394.755,490.16039097840826 428.45160851117896,438.7515701045577
372.989,513.961 411.14331271615697,467.18893855732404
71.66500000000002,512.761173824994 105.71756713175267,525.9368409712129
681.646,512.7603329722205 723.5176236681891,404.55098584247577
90.33100000000002,512.8974154782745 124.64952258861922,522.3603956073738
108.99600000000001,513.0235077545389 143.57984319402098,518.7736064569399
127.662,513.1414383512003 162.50856159315953,515.1785406731891
146.329,513.2518396394855 181.4363163500408,511.57574223532447
165.302,513.3565831170055 200.67328109349745,507.90624232748655
184.688,513.4558916401782 220.32763978943967,504.14901773445035
204.327,513.548471360297 240.23703540830434,500.3346069583484
223.65900000000005,513.6315419060086 259.83339353384537,496.57169893002305
243.353,513.7076782802689 279.79434661673,492.729859744577
263.352,513.7758650771866 300.0640849060758,488.81899484346496
284.99100000000004,513.8387549647231 321.9920715867969,484.5767415781719
306.83700000000005,513.8900679509696 344.1298514405121,480.2810982075351
329.657,513.9296591942397 367.2498537405764,475.780134835962
351.29599999999994,513.9529094270981 389.1705356565962,471.4976265975595
663.494,512.88766758537 705.1591335433798,408.2919545766521
643.621,513.0172241917812 685.0558925722374,412.3780838888395
623.7479999999999,513.1384810018038 664.9527056449049,416.4554641046871
603.875,513.2520640334824 644.8469175819719,420.52529327427874
582.67,513.365030418159 623.393438505708,424.8592607085661
539.737,513.5675646261149 579.9510741761651,433.6077969511104
561.836,513.4677465672755 602.3121355074197,429.10933339687045
518.852,513.6529675493076 558.8138850200774,437.850649044394
497.545,513.7307479265313 537.2495491824598,442.1694047808265
477.366,513.7952407290932 516.8250294502259,446.25023775746234
457.187,513.8502664371536 496.39750186881616,450.3217107329466
437.213,513.8947770939862 476.17727488547285,454.341392609317
416.574,513.9295693543903 455.2804717923679,458.4837928814475
394.755,513.9528916301073 433.1862621210597,462.8494000233682
372.989,536.117 415.5523000865027,489.62894103956705
71.66500000000002,528.2034623075901 108.79043569990839,541.5765918154965
681.646,528.1979164041448 726.5898322582061,420.18735632088624
90.33100000000002,529.1020536877172 127.8741550381659,538.7723001902195
108.99600000000001,529.9337041398629 146.94484693534991,535.9002087019694
127.662,530.7115236617318 166.00492256033914,532.9735314211116
146.329,531.4396831021031 185.05556547282742,529.9964449897606
165.302,532.1305260547368 204.4091795772394,526.9205955063645
184.688,532.785522384768 224.1741619107197,523.7262186947054
204.327,533.3961384223032 244.18663620718817,520.4365301738133
223.65900000000005,533.9440360330669 263.8755385120131,517.1444339973879
243.353,534.4461988296646 283.9212499064098,513.7341024409245
263.352,534.8959296313211 304.2668759265164,510.20972285538096
284.99100000000004,535.3107242956306 326.2649549220727,506.323884400743
306.8370000000001,535.6491626954847 348.4598815655539,502.3190859430701
329.657,535.9102895173804 371.6239086530993,498.0425180484414
351.29600000000005,536.063638058957 393.5705055177431,493.8917767459881
663.494,529.0377607763533 708.3731201950675,424.6498766694123
643.621,529.8922604609692 688.4140420498485,429.4702508381937
623.7479999999999,530.69201825636 668.4458384088506,434.2347583518153
603.875,531.4411631084486 648.4666440164372,438.9482257571661
582.67,532.186240821984 627.1389534048808,443.92231269662113
539.737,533.5220693961967 583.9220908171121,453.81852455044236
561.836,532.863712387937 606.172078259954,448.75444986435485
518.852,534.0853503662288 562.8799852857153,458.54535392470683
497.545,534.5983562996811 541.402183248163,463.3048574543878
477.366,535.0237231024686 521.0495656728936,467.75110344412013
457.187,535.3866490194541 500.68326093979476,472.1343855256889
437.213,535.6802221785472 480.5125199365209,476.406266835347
416.574,535.9096969723524 459.65450747027415,480.7457776219594
394.755,536.0635206776554 437.5861765391563,485.2435175324813
372.989,559.348 420.1750279344991,513.1567980439835
71.66500000000002,545.6283967901023 112.25809817270324,559.2256958639439
681.6459999999998,545.6187692553012 730.056450207255,437.831120072662
90.33100000000002,547.1871665241543 131.47325078227948,557.0900517048836
108.99600000000001,548.6296282408764 150.6654428854769,554.8366414225842
127.66200000000002,549.978578911748 169.839204699918,552.4883972599698
146.329,551.24127909959 188.9961563403208,550.0526639966059
165.30200000000002,552.4391498359444 208.45066839782862,547.4902914275984
184.688,553.5747491208177 228.3113151851307,544.782611587506
204.32700000000006,554.633291083201 248.41289119560946,541.9465150032239
223.659,555.5830012787989 268.1817748581447,539.0612776447366
243.35300000000007,556.4533345226961 288.300700674724,536.0237080743815
263.35200000000003,557.232696248089 308.71184751595166,532.8330647793244
284.991,557.9514140721428 330.7704355702672,529.2548477461979
306.8370000000001,558.5377354332213 353.0146555480719,525.500923081882
329.657,558.9900392163092 376.21661248319145,521.4177464558873
351.29600000000005,559.255606079433 398.18551495735363,517.3803954385068
663.4939999999999,547.0756069902923 711.9625379158454,442.91859455721834
643.621,548.5576882828524 692.1282635679547,448.3747381749267
623.7480000000002,549.9446790354585 672.2769031121468,453.73405346671257
603.875,551.2437664900516 652.407294200349,459.00452934564726
582.67,552.5356716803764 631.188440475129,464.53245165565943
539.737,554.8515226658639 588.1666052131807,475.42123539426404
561.836,553.7102303124301 610.3205550236519,469.8680555342808
518.8520000000001,555.8278818000393 567.2066941048888,480.56644446999655
497.545,556.7169880574247 545.8036605346344,485.7068349486926
477.366,557.4541086484127 525.5131753000153,490.4687382357119
457.187,558.0829392713329 505.19972960604787,495.12127316846426
437.213,558.591529307748 485.07168814297063,499.61083125237116
416.574,558.9890094781624 464.2471464302463,504.1203602670013
394.755,559.2554022943854 442.2011010382916,508.73196564962154
372.989,584.472 425.17487155711035,538.6040252365226
71.66500000000002,562.4277530095394 115.60117991874564,576.2407306435005
681.646,562.4121798981927 733.3981557558428,454.83912732753174
90.33100000000002,564.9396374599758 135.00602804107814,575.0702724559343
108.99600000000001,567.2625630169401 154.37336347099432,573.7085613091381
127.66200000000003,569.4337216560581 173.71076471032015,572.1929916115961
146.329,571.4650235153874 193.02059593807118,570.5356434954762
165.30200000000002,573.391060973228 212.6200159679397,568.7107414929822
184.68800000000002,575.2160247661127 232.61788406498215,566.7012595899715
204.32700000000006,576.9162310497306 252.84713431672702,564.5150780753702
223.65900000000005,578.4407752547694 272.7304603045665,562.2120802753814
243.35300000000007,579.8370712375881 292.95403425259366,559.7072647162483
263.35200000000003,581.086622865849 313.45871552946335,556.9929533133128
284.99100000000004,582.2381220564979 335.6035188190277,553.8531677650108
306.83700000000005,583.1767445206312 357.9178842715431,550.4562447198203
329.65700000000004,583.9001712315043 381.17376200664825,546.647873772488
351.296,584.3245089886948 403.17433225274635,542.7715519922427
663.494,564.7596038385298 715.4814912241513,460.82867642862345
643.6209999999999,567.1462394037686 695.8271543525348,467.2011957936162
623.748,569.378568827273 676.1440105852962,473.41679852583
603.875,571.4683788502228 656.4319183516359,479.48822620797904
582.6700000000001,573.5455757985516 635.3693740556353,485.81159653942325
539.737,577.2661159412006 592.6271239924895,498.123313514696
561.836,575.4330921000978 614.6434623339713,491.8694226617096
518.852,578.8333080121519 571.7848118940951,503.86709874937833
497.545,580.2595598866922 550.4886241406303,509.5516585004906
477.366,581.441228164692 530.286737953838,514.7638854558907
457.187,582.4486019527681 510.04860356490803,519.7999611264094
437.213,583.2627436370982 489.981314972868,524.5991069375572
416.574,583.8984969789376 469.204280440477,529.3500679828869
394.755,584.3241792952354 447.1898684965455,534.1231514932101
372.989,611.654 430.58393372398734,566.13401302186
71.66500000000002,581.2292385384362 119.34255907256365,595.2829501468324
681.6460000000001,581.2077450304863 737.1386280276292,473.87670517817696
90.33100000000002,584.696060755435 138.93749387022453,595.0796357146027
108.99600000000001,587.9020879785102 158.4805044534081,594.6123627243128
127.66200000000003,590.8986513775214 177.9821950422318,593.9327558837269
146.329,593.7021889423687 197.4456274913839,593.057494895364
165.30200000000005,596.3604439622019 217.1907638885977,591.9741721330895
184.68800000000002,598.8792003569445 237.32673564284767,590.6673595434561
204.32700000000006,601.2257704455899 257.68458579964187,589.135813997738
223.65900000000005,603.3298973770286 277.6832920919524,587.4198095244432
243.35300000000007,605.2570202325013 298.0124636356994,585.4525926212635
263.35200000000003,606.9816112443963 318.6116189735203,583.219419370608
284.99100000000004,608.5708734321154 340.84360838655067,580.5229753132738
306.83700000000005,609.866330001173 363.2289889635955,577.4874793037751
329.65700000000004,610.8647803053617 386.53951774700664,573.9576613506966
351.296,611.4504376447684 408.5722221622724,570.2447304305836
663.494,584.4475841352116 719.3994829515805,480.7697061786098
643.6209999999999,587.7415418648407 699.9255338265518,488.06095402020196
623.748,590.8225312151751 680.4111828317173,495.1357872099601
603.875,593.7068198677088 660.8572908666049,502.01156893317113
582.6700000000001,596.5737003598815 639.9518584588826,509.13446155668714
539.737,601.7086703317409 597.491009078878,522.8783486716396
561.836,599.1787897174 619.3687803087475,515.9188523843198
518.852,603.8716584775271 576.7672351321535,529.2254942055343
497.545,605.8401254923349 555.5788564250831,535.4591576548282
477.366,607.4710260851471 535.466480378502,541.1262931366687
457.187,608.8613710226771 515.3045138197637,546.5502891850572
437.213,609.9850232187524 495.2987482216054,551.6629740216886
416.574,610.8624695557594 474.5699041070095,556.6588146378418
394.755,611.449982612448 452.5876333435643,561.595999549875
372.989,638.627 435.95170783399493,593.4538609222733
71.66500000000002,596.7460801774682 122.43044958639001,610.9991570718998
681.6460000000001,596.7164934908383 740.2249804083485,489.5850621591018
90.33100000000002,601.5183017606194 142.28520280118582,612.1179433064652
108.99600000000001,605.9315284427116 162.06839657908478,612.8733829365132
127.66200000000003,610.0564196638201 181.79465893540333,613.3365761250056
146.329,613.9156029846541 201.46809989976563,613.5304620935076
165.30200000000005,617.5747989817739 221.41243477965747,613.4609287130478
184.68800000000002,621.0419694558618 241.73718704752955,613.1147264771379
204.32700000000006,624.2721184864357 262.2708545202132,612.4781279076566
223.65900000000005,627.1685346645327 282.4272797417235,611.5646142280661
243.35300000000007,629.821297543222 302.9008284390209,610.3323616660125
263.35200000000003,632.1952671136025 323.6291666171004,608.7569720132803
284.99100000000004,634.3829510612625 345.980326167182,606.6666648196986
306.83700000000005,636.1661996422189 368.4627997184027,604.1253210493762
329.657,637.5406070369764 391.8480810877201,600.9763599638137
351.296,638.346788150546 413.92471557552886,597.4868582059086
663.494,601.1762636012571 722.7285960362308,497.7135763244603
643.6209999999999,605.7105301968286 703.5013915722661,506.2612032897392
623.748,609.9516371688075 684.217876886273,514.5110409659296
603.875,613.921977641465 664.880246984208,522.4867761837907
582.6700000000001,617.8683550743712 644.1896495718946,530.7029867065157
539.737,624.9368497922095 602.1135874555732,546.4052388424319
561.836,621.4543663780455 623.801853722436,538.4809081204162
518.852,627.914290822444 581.5518992017915,553.5773803873321
497.545,630.6239656156091 560.5109548097515,560.561810655593
477.366,632.8689665189811 540.5209040789225,566.8508885426888
457.187,634.7828327929342 520.4630804681758,572.8051800538547
437.2130000000001,636.3295856768211 500.5414350370852,578.3464080208953
416.574,637.5374261963002 479.8784104750631,583.6768584909021
394.755,638.3461617800764 457.94006331633926,588.8381080046739
372.989,664.9290000000001 441.18589879366635,620.0938234038057
71.66500000000002,613.5599039593444 125.77643415089085,628.0289661108917
681.646,613.5239038721794 743.5695671128208,506.60773339901493
90.33100000000003,619.3929243733785 145.84236743810234,630.2222846600833
108.99600000000001,624.791411574558 165.82159793778146,631.9757649120282
127.662,629.8404664061919 185.7318254948364,633.3750799167516
146.329,634.5671630719856 205.57785118753412,634.4476480340977
165.302,639.0516274622782 225.6864377255066,635.2140362596266
184.68800000000005,643.3034009031147 246.1673796977227,635.6625681561593
204.327,647.2670888383097 266.8470084803828,635.7689616434284
223.65900000000005,650.8236530554433 287.1348546242996,635.5240940072689
243.353,654.0833391691785 307.7291500218039,634.9065353798477
263.35200000000003,657.0026738132653 328.565960790298,633.8835178957861
284.99100000000004,659.6952277349455 351.017656137505,632.3045130157013
306.8370000000001,661.8921307310135 373.58244501228756,630.182109787269
329.657,663.5871815811051 397.03144325040057,627.3578291274241
351.29600000000005,664.5826119772354 419.1457496783841,624.0599087765156
663.4939999999999,618.9755802136665 726.270605447367,515.7410046489575
643.621,624.5223884897985 707.244843335496,525.3144654898172
623.748,629.7138510944565 688.1504477522539,534.5269806106003
603.875,634.5767702276034 668.9905993932284,543.4067949430103
582.67,639.4132883705659 648.4771722837136,552.5246241997811
539.7370000000001,648.084543754665 606.7200953412554,569.8503372844001
561.836,643.8109551649792 628.2509844413353,561.1246872527497
518.8520000000001,651.7409658723235 586.2935365141304,577.7102788447528
497.545,655.071037970194 565.375988830923,585.3231295396636
477.36600000000004,657.8322187459994 545.4887746378968,592.1349699204443
457.187,660.1880774036463 525.5188684300443,598.5369715071059
437.2130000000001,662.0937469525351 505.6685706824263,604.4417271602131
416.574,663.5833351973974 485.0616805724445,610.0575028913822
394.755,664.5818500207512 463.1610011017091,615.4109644658043
372.989,689.3969999999999 446.0548448999978,644.8748339929599
71.66500000000002,630.3534951690009 129.11796213502598,645.0360928239098
681.6460000000001,630.3117840107367 746.9098427811277,523.6084631083802
90.33100000000003,637.0813485517193 149.36202937731633,648.1357544319251
108.99600000000004,643.3030927738753 169.50504080979664,650.7231024518013
127.66200000000006,649.1183431497716 189.5677858972096,652.8984873996731
146.32900000000006,654.5589998978306 209.55583385065347,654.694178105286
165.30200000000005,659.7177155480366 229.79861591148904,656.143515126095
184.68800000000002,664.605714605941 250.40621908128583,657.236501136075
204.32700000000006,669.1595620548437 271.20328142687293,657.9406870240539
223.65900000000005,673.2429146490255 291.5960158420586,658.229436918388
243.35300000000007,676.9827660779602 312.2858475666783,658.0982543052068
263.35200000000003,680.3295761382777 333.20768987961895,657.5082862870196
284.99100000000004,683.4137616881582 355.73740602038225,656.3260148297957
306.83700000000005,685.9277763432979 378.36532491347435,654.524907772277
329.657,687.8654088020882 401.86254602921935,651.9464233613503
351.296,689.0019587793906 424.00498318928027,648.7915338292644
663.494,636.599144918173 729.777225453164,533.5883148839332
643.621,642.9915305862793 710.9196893458973,544.0185410355034
623.748,648.9706213285533 691.9820413800124,554.0289678372161
603.875,654.5679868561353 672.9685100027923,563.6527389141286
582.6700000000001,660.1315694138275 652.5998115838577,573.5070763918688
539.737,670.09669682242 611.1002722678014,592.1435107217665
561.836,665.1871096605487 632.5046348232696,582.7735723586732
518.852,674.2942778353873 590.7814251186574,600.5517053071738
497.5450000000001,678.1143633879163 569.9613429873556,608.6609758876496
477.366,681.2793540864379 550.1546069089753,615.8818210987222
457.187,683.9775128917096 530.252791350236,622.6306079999457
437.2130000000001,686.1581171324743 510.4571442265817,628.8138841501255
416.574,687.860924469303 489.892756081765,634.6456263518281
394.755,689.001075725532 468.0201798439088,640.1425863589587