964.1,383.6 837.7,384.4729153650034
964.1,440.40000000000003 771.3,383.8325257657882
964.1,497.20000000000005 698.2,383.81313231139177
964.1,554.1 626.6,384.1575282512876
964.1,610.8999999999999 554,384.52672922587715
964.1,667.7 510.6,384.6130047116961
964.1,326.7 498.1,384.60552848840155
964.1,724.5999999999999 493.79999999999995,384.5989612552307
897.2,383.6 490.19999999999993,384.59214951956255
897.2,440.40000000000003 479.3,384.56576614635674
897.2,497.20000000000005 435,384.3873081270162
897.2,554.1 364.7,383.99547170636225
897.2,610.8999999999999 292.4,383.69422819722814
897.2,667.7 219.7,383.7788507038328
897.2,326.7 152.4,384.45224049077456
897.2,724.5999999999999 837.7,441.3868203224769
830.2,383.6 771.3,441.2866074097107
830.2,440.40000000000003 698.2,441.20109017843964
830.2,497.20000000000005 626.6,441.1425378549327
830.2,554.1 554,441.10864593930825
830.2,610.8999999999999 510.6,441.10063878004854
830.2,667.7 498.1,441.1000333215264
830.2,326.7 493.8,441.1000008762418
830.2,724.5999999999999 490.2,441.1000429358453
763.3,383.6 479.3,441.1005549773078
763.3,440.40000000000003 435,441.1085880104659
763.3,497.20000000000005 364.7,441.1409442533912
763.3,554.1 292.4,441.19931245304235
763.3,610.8999999999999 219.7,441.2836542152169
763.3,667.7 152.4,441.38465248002234
763.3,326.7 837.7000000000005,498.2
763.3,724.5999999999999 771.3,498.2
696.4,383.6 698.2,498.2
696.4,440.40000000000003 626.5999999999999,498.2
696.4,497.20000000000005 554,498.2
696.4,554.1 510.6000000000001,498.2
696.4,610.8999999999999 498.1000000000001,498.2
696.4,667.7 493.8,498.2
696.4,326.7 490.19999999999993,498.2
696.4,724.5999999999999 479.3,498.2
629.5,383.6 435.00000000000006,498.2
629.5,440.40000000000003 364.69999999999993,498.2
629.5,497.20000000000005 292.4,498.2
629.5,554.1 219.7,498.2
629.5,610.8999999999999 152.4,498.2
629.5,667.7 837.7000000000005,555.1
629.5,326.7 771.3,555.1
629.5,724.5999999999999 698.2,555.1
562.5,383.6 626.5999999999999,555.1
562.5,440.40000000000003 554,555.1
562.5,497.20000000000005 510.6000000000001,555.1
562.5,554.1 498.1000000000001,555.1
562.5,610.8999999999999 493.8,555.1
562.5,667.7 490.19999999999993,555.1
562.5,326.7 479.3,555.1
562.5,724.5999999999999 435.00000000000006,555.1
495.6,383.6 364.69999999999993,555.1
495.6,440.40000000000003 292.4,555.1
495.6,497.20000000000005 219.7,555.1
495.6,554.1 152.4,555.1
495.6,610.8999999999999 837.7000000000005,611.9
495.6,667.7 771.3,611.9
495.6,326.7 698.2,611.9
495.6,724.5999999999999 626.5999999999999,611.9
428.7,383.6 554,611.9
428.7,440.40000000000003 510.6000000000001,611.9
428.7,497.20000000000005 498.1000000000001,611.9
428.7,554.1 493.8,611.9
428.7,610.8999999999999 490.19999999999993,611.9
428.7,667.7 479.3,611.9
428.7,326.7 435.00000000000006,611.9
428.7,724.5999999999999 364.69999999999993,611.9
361.7,383.6 292.4,611.9
361.7,440.40000000000003 219.7,611.9
361.7,497.20000000000005 152.4,611.9
361.7,554.1 837.7,668.8272292571543
361.7,610.8999999999999 771.3,669.4780366778247
361.7,667.7 698.2,669.517516166812
361.7,326.7 626.6,669.1863813668657
361.7,724.5999999999999 554,668.8083679313013
294.8,383.6 510.6,668.6995839808538
294.8,440.40000000000003 498.1,668.6975650510401
294.8,497.20000000000005 493.79999999999995,668.700528982344
294.8,554.1 490.2,668.704391318519
294.8,610.8999999999999 479.3,668.7229530101304
294.8,667.7 435,668.884793623834
294.8,326.7 364.70000000000005,669.2862807138341
294.8,724.5999999999999 292.4,669.6168351994421
227.9,383.6 219.70000000000002,669.5499975581944
227.9,440.40000000000003 152.40000000000003,668.8549321146542
227.9,497.20000000000005 837.7,329.495005371483
227.9,554.1 771.3,327.52471499075443
227.9,610.8999999999999 698.2,326.5188857113236
227.9,667.7 626.6,326.451139081134
227.9,326.7 554,327.05954672919074
227.9,724.5999999999999 510.6,327.64692575738763
160.9,383.6 498.1,327.8
160.9,440.40000000000003 493.8,327.7837925925926
160.9,497.20000000000005 490.2,327.7906021925926
160.9,554.1 479.3,327.17836281328744
160.9,610.8999999999999 435,325.2455706018242
160.9,667.7 364.7,324.23426374113393
160.9,326.7 292.4,323.6874717009231
160.9,724.5999999999999 219.7,324.9910221773185
94,383.6 152.4,327.33781876473756
94,440.40000000000003 837.7,724.8253711499086
94,497.20000000000005 771.3,727.1839393546004
94,554.1 698.2,728.4792407579198
94,610.8999999999999 626.6,727.985831976835
94,667.7 554,726.5918933653319
94,326.7 510.6,725.0248046009144
94,724.5999999999999 498.1,724.7318653118531
27.1,383.6 493.80000000000007,725.4784722222222
27.1,440.40000000000003 490.20000000000005,724.8534722222222
27.1,497.20000000000005 479.30000000000007,725.2056005159513
27.1,554.1 435,727.6630353858553
27.1,610.8999999999999 364.7,729.8027983141457
27.1,667.7 292.4,730.5380843865144
27.1,326.7 219.70000000000002,728.8057131550515
27.1,724.5999999999999 152.40000000000003,726.0043203257865