165.60000000000002,704.3934830976717 211.83937649440549,587.2915587145019
195.80000000000004,717.3798345961414 232.2186652244346,617.0480231073165
226.10000000000002,728.8837598603146 249.14894836422593,640.7896485549029
256.4,738.889138916166 266.9176224506597,662.9115408075971
286.6,747.3759055696879 286.04879771229037,684.3269712347773
316.9,754.3849956790012 313.32000275718036,709.8256765171791
347.1,759.845812030627 339.8105303975973,731.2697567705608
377.4,764.3273962703565 368.17457922613943,751.599891636788
407.70000000000005,767.9850284678197 395.53648805191233,767.800619025633
437.9,770.6461800790933 423.34437894376356,780.3942679415471
468.20000000000005,772.2688298552262 451.5605351952837,789.0893092845404
498.4,772.945044835429 481.4472697200177,794.0113405608657
528.7,772.9005804153801 511.3211160680577,794.967580940613
559,772.0622306523322 540.7449184341019,792.503908008864
589.2,770.3630442473466 568.9,786.457074123844
619.5,767.771769941125 596.6267842189654,776.365547145059
649.8,764.2700139423573 624.6744917187058,761.5195617065996
680,759.8486753811811 652.232212496971,742.2384383532818
710.3,754.1457564448766 678.779488876279,720.4517271469972
740.5,746.8121087443836 704.1866036229592,698.6955216623795
770.8,737.8250450359114 731.4213202632478,672.9584962116478
801.1,727.3246901466138 752.339984337433,649.6974679877613
831.3,715.555700321978 771.6250839940417,624.0894107350588
861.6,702.7015152136959 795.0086440045153,591.531772951344
165.60000000000002,693.963052124826 209.90890235838063,577.1436883487974
195.8,705.4510965114881 230.5837456968855,605.9721292493808
226.10000000000002,715.5277435680257 248.26545266463498,630.9664868422052
256.4,724.2678090262629 266.5627280335944,654.3673971990545
286.6,731.7363177777902 285.32055304608497,673.5679540246257
316.9,738.0484871258635 312.605193506967,696.8902587794829
347.1,743.2137169994263 339.44568195752476,717.8847674058047
377.4,747.6229966276168 368.6063652154423,738.6424294517128
407.7,751.3882680687292 395.9118908885131,754.4692140744044
437.9,754.3756652015414 423.0594933734975,765.5877146156437
468.2,756.4817320235196 451.3297775200488,772.5909905523874
498.4,757.5713433351967 481.5543098768895,776.2885165139279
528.7,757.5548680084985 511.3579833268905,776.952446045557
559,756.3959404011181 540.7323749099037,774.7911995739778
589.2,754.2126300567693 568.9,769.336887741201
619.5,751.1389201244519 596.6373409013102,759.3698733265063
649.8,747.3286079437578 624.6650470156075,743.9035438680055
680,742.9459640188305 652.246229284106,724.6051094121847
710.3,737.7069430160683 679.2143004823407,703.7292763036986
740.5,731.2468656480331 704.8642495515193,682.3852659699816
770.8,723.4948713069032 731.999226261231,656.8982020799651
801.1,714.4923009569715 753.6326756248244,633.0740264988658
831.3,704.3494654484107 773.689869395606,609.2823787260049
861.6,693.1200827594166 796.9308715256407,581.418610427179
165.60000000000002,686.2433278663583 208.42734141624655,569.2938688739284
195.80000000000004,695.1289024859082 229.31920081509364,597.2241870047162
226.10000000000002,703.6692673363716 247.55084022268122,622.8364907661872
256.4,711.6075137719874 266.2873830872665,647.5703771728097
286.6,718.7093748150332 285.0311790588117,667.1621911940144
316.9,724.8302821412615 312.30332326992243,690.0565093520064
347.1,729.7690165120729 339.2843004026891,709.5106220168808
377.4,733.8431857028281 368.9744685177521,727.6934634378805
407.7,737.2128747355308 396.30630346175707,740.5131369244142
437.9,739.8120132953633 422.8834087908373,749.574352720827
468.20000000000005,741.5982154402906 451.2030334051291,755.8692164732497
498.40000000000003,742.4990118529427 481.6785807139575,759.2468019023216
528.7,742.442093528483 511.40731780678567,759.7161651620328
559,741.3369939885514 540.7263179248955,757.9166626512067
589.2,739.3037300023742 568.9,753.4284091319364
619.5,736.4655494523013 596.6460975965042,745.029847065532
649.8,732.9653482476198 624.6586029665964,731.2474866567368
680,728.9559667290405 652.2551203986435,713.540386632218
710.3,724.1243088027561 679.4919221080725,693.7654067857571
740.5,718.1204122074126 705.2672409892882,673.0588625574351
770.8,710.9538897600684 732.4648326843674,647.9514239387518
801.1,702.7320772443928 754.5649086169758,623.8699370612339
831.3,693.6128256522114 775.3124380014134,599.6049369376452
861.6,683.6902771591863 798.7603455195057,572.6071378904089
165.60000000000002,675.6648732822686 207.4298099192122,563.9654130979603
195.80000000000004,683.8839242025505 228.45458391072515,591.1131933228006
226.10000000000002,691.9572963492338 246.89018721658022,615.0844603534069
256.4,699.5619985632758 265.9594600319976,639.1280794959525
286.6,706.3932790921007 284.85704384170924,658.8635386431354
316.9,712.2329920185936 312.04056211600476,681.8772865785816
347.1,716.8142786481801 339.20657505178747,701.1017657959254
377.4,720.4266724861918 369.26383113697756,719.124711087006
407.7,723.262826016447 396.56740548235666,731.2798114535868
437.9,725.3399091425836 422.9001523610993,738.4036692289576
468.20000000000005,726.6938098636666 451.244618806433,742.2491322162161
498.40000000000003,727.337030576742 481.8073036077815,743.8332001268617
528.7,727.2579613563888 511.4636169316106,743.8987927382508
559,726.27952700486 540.725438532319,742.5730904133364
589.2,724.4849908462444 568.9,739.082099031915
619.5,721.983356700038 596.6538185027985,732.145328214283
649.8,718.9012186049625 624.653061799675,719.9618298280811
680,715.3738479290412 652.2631128580142,703.5991601639591
710.3,711.1505279891696 679.766683018125,684.1250012088369
740.5,705.905084682629 705.7401828541439,662.1900509527995
770.8,699.5332664363074 733.3596166800367,635.509898760266
801.1,692.0064602534407 756.1570345406634,611.6706292521457
831.3,683.3420841511153 777.2141904530214,589.0267883949555
861.6,673.5023726341135 800.5931339928154,564.201040294781
165.60000000000002,667.3996229175771 206.27783511276186,557.7571282337309
195.80000000000004,674.6459449156384 227.37187775417328,583.2657379619366
226.10000000000002,681.8109501713604 246.16848680783372,606.2353202107621
256.4,688.6011950002628 265.5943355592435,628.9766371422435
286.6,694.7360431833374 285.02050864195445,648.3972410216466
316.9,700.0087508543586 311.90283372386637,670.8505217138791
347.1,704.1570742620571 339.27735122346303,690.1039254819403
377.4,707.2647381106958 369.65597886814595,707.5338705917761
407.7,709.5342216472308 396.92883334121115,718.4767290738268
437.9,711.0605856336224 423.1596730233008,724.0722206626873
468.20000000000005,711.9521224938047 451.5309412889493,726.3536425589994
498.4,712.300052183072 481.9659366689609,726.7794108373479
528.7,712.1539787749041 511.53613745336105,726.594084621324
559,711.2940470283119 540.729122796934,725.825908852573
589.2,709.7558654018748 568.9,723.4014611246689
619.5,707.6127591042064 596.6622728003301,717.7089258652189
649.8,704.9537465586905 624.646710565436,706.5964190788502
680,701.8757210485428 652.2730882853003,691.1133308528393
710.3,698.0523689576421 680.1076272476355,672.164451662188
740.5,693.1243157361338 706.213519717884,651.1591786445954
770.8,687.1906777604135 734.3460441400935,625.470729087053
801.1,680.4283552051639 757.462203646751,602.6454897538036
831.3,673.0490623996344 778.7132990013936,580.9612401872679
861.6,665.2060462531404 802.2115904244209,557.0136014785887
165.60000000000002,658.3383567344637 205.05376162454635,551.0820244133506
195.80000000000004,664.7365053386317 226.30915879138004,575.2930273841672
226.10000000000002,671.0985036337635 245.44992579916033,596.845481877168
256.4,677.1550501475518 265.2504113192387,618.0976357680993
286.6,682.6462875185691 285.39536154742405,637.0446117324198
316.9,687.3765510368232 312.1181177341269,658.4996620466163
347.1,691.1025398813852 339.67178588398576,677.4611910243252
377.4,693.8071631495606 370.08602979688754,694.8074587424468
407.7,695.5901577847461 397.2959876137133,705.4100828843725
437.9,696.6237854661902 423.7389944158366,710.1778979170275
468.2,697.0902507642755 452.10522529457023,711.3787494172407
498.4,697.1610719267115 482.1265307292374,710.9678910361731
528.7,696.969098620102 511.6117367757199,710.7059734283876
559,696.2221587611664 540.7362966237608,710.6738410289286
589.2,694.8990614570439 568.9,708.9959382308458
619.5,693.0646650592729 596.6702590898789,703.6780989724667
649.8,690.7974587338161 624.6405016005581,693.1355748542122
680,688.1825796493814 652.2831262855558,678.355361009543
710.3,684.9124492079162 680.4350411242034,660.3431448252777
740.5,680.6777491995788 706.6407488994485,640.8354365526825
770.8,675.5316986171033 735.3219533237158,616.2111519037526
801.1,669.5921511378798 758.7159068573977,594.1410002914789
831.3,663.0076937612748 780.2319537388901,572.8965861601566
861.6,655.8751883665273 804.0119112406082,549.1837776152857
165.60000000000002,647.2665983724125 203.89365496615315,544.6660917151081
195.80000000000004,654.4002104548633 225.20713148984254,566.65559455883
226.10000000000002,660.4007192866187 244.73582572908825,586.6365305402863
256.4,665.4113139851892 264.9469859473811,606.2359706041889
286.6,669.604863601862 285.818657825428,623.9302603515415
316.9,673.2042509458911 312.84481163531626,643.78906346534
347.1,676.378896269128 340.48961400734856,661.8579785988946
377.4,678.957328194825 370.5917462791409,679.7502193017823
407.7,680.7966452531585 397.6824325158568,691.546340558026
437.9,681.9893560034316 424.608673127225,696.6974955740362
468.2,682.6397319321121 452.91294328945594,697.6165218153724
498.4,682.840012995115 482.2777406895765,697.014205582897
528.7,682.6330695510173 511.6847704507934,696.6950673482163
559,681.7803236622674 540.7458941804074,696.6710231162192
589.2,680.3529245756874 568.9,695.217793741502
619.5,678.4693207384727 596.677517248399,690.5136916396278
649.8,676.2630655531136 624.6350867793907,681.1339239046106
680,673.8728156603436 652.2911396554626,667.943522648079
710.3,670.9573114614492 680.6688444461566,651.4532433586398
740.5,667.0921741737784 706.9364569347518,633.3315158630896
770.8,662.3184707830999 735.9788592941974,609.7353632508732
801.1,656.738911724664 759.5789871800953,588.2619603837356
831.3,650.4877810302864 781.2892720337074,567.2858656318466
861.6,643.6518629056268 805.3227550303168,543.5456270922051
165.60000000000002,633.9349545540595 202.30477844779452,535.7065021393128
195.8,639.4765100433312 223.99329588661192,556.5551831914911
226.10000000000002,644.9583764153002 244.02839704461078,575.083353782357
256.4,650.168044728576 264.72019475412696,593.2093434139263
286.6,654.8998742354468 286.2605047257134,610.7736429710536
316.9,658.9999145987978 313.45540221200173,630.8515892980278
347.1,662.2630809789418 341.1506791805557,648.8337048876828
377.4,664.5164061828067 371.0735586083824,665.2312679693566
407.70000000000005,665.8447820914254 398.1193070930007,675.6732186675117
437.9,666.4763503981228 425.7196746717708,680.5762295271635
468.2,666.6414535239242 453.9300428059149,681.4776562006116
498.40000000000003,666.5626572689587 482.4625845188391,680.8434517398183
528.7,666.3706254325011 511.77583973623837,680.4789818399034
559,665.6585594494516 540.760286145931,680.4117114091565
589.2,664.4387145600787 568.9,679.1070974813608
619.5,662.8088721377178 596.6857267183249,675.0304916747299
649.8,660.8792738054984 624.6287569850143,666.8803497701838
680,658.7648286967866 652.3006169202084,655.247646327995
710.3,656.1543684784235 680.9412698886439,640.236353140333
740.5,652.7478335135314 707.2995885499364,623.4712951253488
770.8,648.5253329905356 736.8064697757171,601.0670445258141
801.1,643.5147467043934 760.7085147186867,580.3955720512635
831.3,637.7709990048943 782.6683753316509,559.9030983636303
861.6,631.3062068483175 807.0186034351469,536.2770172962091
165.60000000000002,621.4736595300714 200.72031022141246,526.527790316077
195.8,626.5278165067341 222.99852952489036,547.6457671817864
226.10000000000002,631.5225053687245 243.55302541057583,565.8682393221608
256.4,636.2624637010819 264.63584538322425,583.2375256478285
286.6,640.5582849955731 286.6901366868346,599.1023464763175
316.9,644.2663850754099 314.07500535157135,616.4695487647646
347.1,647.1964143496352 341.93094822129535,632.8516389994971
377.4,649.221582037085 371.61150689387597,648.7073216579358
407.7,650.4366295612473 398.5665938559384,659.1172505187177
437.9,651.0349292410039 426.8354078978295,664.3160488370195
468.2,651.2123728719773 454.9386047273226,665.2761639805183
498.40000000000003,651.1574217915351 482.65522087856147,664.7449514402523
528.7,651.0040071007031 511.8728382753696,664.2802812944974
559,650.5519245743805 540.7785951925972,663.4772454599912
589.2,649.7343960312992 568.9,661.5410457962175
619.5,648.5122732931803 596.6943568396917,657.8836634870344
649.8,646.8530729531007 624.6221271354681,651.8131964482894
680,644.72924492101 652.3095209727547,642.790202720067
710.3,642.0904788278747 681.1696086072633,629.5707075544254
740.5,638.9170577570677 707.6174242899692,613.9070408422889
770.8,635.1494934599422 737.5665151894846,592.2431235307179
801.1000000000001,630.7574872887237 761.8708911440251,571.8883754293881
831.3,625.7175396133866 784.201109945027,551.5100794806847
861.6,619.9534598481197 808.9715115649956,527.8683427900887
165.60000000000002,610.8223478591951 198.85610992237588,515.3327398507251
195.8,615.0511127161961 221.8800108721318,536.6367871174283
226.1,619.2670187600787 243.10195419568814,554.8299408889732
256.4,623.2890279197992 264.65167034380204,571.4124157526411
286.6,626.9401484539744 287.22749726316255,586.2914158010276
316.9,630.0815130732599 314.66968123229884,602.1806711172842
347.1,632.5280841745218 342.6579838467017,617.4542535182987
377.4,634.1773283176827 372.1224391544854,632.5740351729364
407.70000000000005,635.1561601592683 398.99574970181726,642.8449057159517
437.9,635.6306965742675 427.8756356938279,648.2016669403831
468.2,635.7689282745007 455.88125755601413,649.1044327769781
498.40000000000003,635.7330448083228 482.8552500643758,648.6071677015952
528.7,635.6273510906453 511.9738138876786,648.2404218301654
559,635.3033829004355 540.7982073750181,647.791335857857
589.2,634.7153735299471 568.9,646.4654450811997
619.5,633.8207098969922 596.7011103007417,643.6548400490141
649.8,632.5814520763771 624.6163406302569,638.659615605163
680,630.9634170258563 652.3176106926611,630.8476417460067
710.3,628.9147879663085 681.3619252772007,618.8136328797564
740.5,626.4069702276237 707.9005506665237,604.1026293657656
770.8,623.3796267055034 738.2437714112181,583.0579465821514
801.1,619.7947435642218 763.0028359701719,562.8615049507353
831.3,615.6197377692464 785.7968697137757,542.4004298319251
861.5999999999999,610.7774133963985 811.1192081402967,518.4610284703833
165.60000000000002,602.5566414866898 197.09714620300053,504.26422727760024
195.8,605.5703498111195 220.8619080422917,525.1947855543091
226.1,608.5492497544919 242.77833966304857,542.955481355139
256.4,611.3876848026753 264.83676218914457,558.2507267685129
286.6,613.9822860730059 287.98220576985545,571.2405170794414
316.9,616.2558549204283 315.4134856536183,585.0638779035967
347.1,618.0967389065877 343.4701455832159,599.8383477783574
377.4,619.3467284877307 372.67201756675854,614.549613747087
407.7,620.0538647501086 399.45342184955103,624.9403216303266
437.9,620.359683183331 428.8438916148679,631.0343068149634
468.2,620.407354060231 456.72682031075027,632.5319744763159
498.4,620.3367387921861 483.0633248223272,632.2495999241579
528.7,620.2513511377442 512.0800817187225,631.9917393120855
559,620.0540154823609 540.820377409225,631.8601661058437
589.2,619.6936637559083 568.9,631.0633277869714
619.5,619.1271853036768 596.7076566430138,628.9660252916564
649.8,618.3144167150282 624.61022119212,624.8591696979598
680,617.2179816840322 652.3257111093519,618.0463221495232
710.3,615.7885011614525 681.5200172981146,607.0143761598937
740.5,613.9925297360642 708.156434801144,593.1480114823536
770.8,611.7738906114691 738.82355993861,572.9515109708544
801.1,609.0919932268638 764.0421048094217,553.3527030010088
831.3,605.9105773400593 787.2607944239558,533.4982351844483
861.6000000000001,602.158902990203 812.8946274544782,510.4526900099838
165.60000000000002,594.4164408740224 196.11108101113717,497.7881197617585
195.80000000000004,596.0522299425896 220.2504548495895,517.2572217926444
226.10000000000002,597.5727947401946 242.65559713715086,533.8217675241622
256.40000000000003,598.9660657459309 265.11877287655733,547.9595698311479
286.6,600.2217387675043 288.65416831988404,560.0576502055853
316.9,601.3418737700193 316.0038411437986,572.825008539073
347.1,602.3129626192933 344.07848151320536,586.4884693757098
377.4,603.1354223609559 373.0967402752106,599.9717602124641
407.7,603.7999031798867 399.8302561044501,609.646140735931
437.9,604.2992910814252 429.53986573470985,615.4264918479682
468.2,604.6313364238944 457.3706481841685,616.7069144184255
498.4,604.7884893024898 483.2695166609867,616.3121821034123
528.7,604.7840873201623 512.1874651173503,616.0165412015212
559,604.7126548112758 540.8442828644643,616.0424727257403
589.2,604.559869757215 568.9,615.5220615320064
619.5,604.2887721169003 596.7139174802444,613.8168769111674
649.8,603.8637084180052 624.6036260321849,610.231818713233
680,603.250923337272 652.3337728656504,604.0735479407018
710.3,602.4100110475963 681.6190983841503,593.8815667128911
740.5,601.3098497092252 708.3529322657977,581.0154025025523
770.8,599.9056498874477 739.2108742384117,562.2921452216835
801.1,598.1621315563569 764.8740978297211,543.9486457117089
831.3,596.0474359038885 788.4981477385211,525.3254745855985
861.6000000000001,593.5068660953929 814.3257313405211,503.7646785349114
165.60000000000002,585.0737004321245 195.16422515341222,491.34527735135237
195.8,585.7745417695787 219.74504135155465,509.68491831849065
226.10000000000002,586.4139516100707 242.64860628124438,525.3134228662848
256.4,586.9894742095419 265.48894983294974,538.6210765515032
286.6,587.4995019710077 289.3508134817709,550.0789166739962
316.9,587.9473938512446 316.59627545297144,561.9025843098814
347.1,588.3301802943408 344.6343849093154,574.2757657610701
377.4,588.6503885598703 373.48084935202615,586.1355976073702
407.7,588.9066433474429 400.18723529250485,594.5678912176404
437.9,589.0984183954433 430.0139690649734,599.4994554417107
468.2,589.2269924437028 457.81623315521625,600.4747075965696
498.4,589.2915309386054 483.4816524309245,600.0541643092362
528.7,589.299563203447 512.2982394500648,599.8232596436388
559,589.287491500965 540.8701932130143,599.9404427523767
589.2,589.241713530162 568.9,599.6296175609806
619.5,589.1392616911647 596.7197825856545,598.2723667104142
649.8,588.957538143626 624.5966748485373,595.2104035080251
680,588.674983066153 652.3410564438985,589.7801635248709
710.3,588.2670381288838 681.6235839576549,580.6552080186358
740.5,587.7136951242569 708.4438883028988,568.9756294506064
770.8,586.9883205075132 739.331207295732,551.8879483538992
801.1,586.0692353002019 765.460107317996,534.7504867118558
831.3,584.937038457995 789.6134173988399,517.1395498335321
861.6,583.5604266228033 815.7674925861813,496.7315118020488
165.60000000000002,573.3977271423247 194.09011325440915,483.74143359148144
195.8,573.5405857026973 219.19636284423171,500.2047354363076
226.1,573.6966409430029 242.71778941750895,514.4410144661645
256.4,573.8618942727704 266.01306645266686,527.3623950795449
286.6,574.0322289668893 290.18468946769605,539.540727707127
316.9,574.20523827277 317.2189406410315,551.7518525607819
347.10000000000014,574.376263203434 345.14458379259406,563.1106472540307
377.4,574.5429056010864 373.81470627300155,573.45147550696
407.7,574.7010556722837 400.5029451293775,580.6287454977365
437.90000000000003,574.8467164649486 430.19661705598605,584.6577784146867
468.2,574.9773243287478 457.994632459429,585.4234655928028
498.4,575.0885042732257 483.6773360884156,585.0653029930056
528.6999999999999,575.1774635875003 512.4007663886076,584.9574259671532
559.0000000000001,575.2402608875017 540.89505292013,585.1650591581212
589.2000000000002,575.2732983454663 568.9,584.9663579806406
619.5,575.2732611368777 596.7247015712512,583.7848581264541
649.8,575.2364430698194 624.5898809950957,581.0129945616112
680,575.1596201587029 652.3470255367941,576.0310426927808
710.3,575.0387411449785 681.5215898962617,567.679380902831
740.5,574.8710730988636 708.417089249778,556.9274989467297
770.8,574.6519548392195 739.157665991932,541.2950256336629
801.1000000000001,574.3782958885658 765.7897247412644,525.199159492862
831.3,574.047719853394 790.6430890581157,508.40124943648334
861.6000000000001,573.6544706348285 817.2600915893267,488.9822552846331
165.60000000000002,558.8251951356924 192.74175861750967,474.019280795602
195.8,558.7517713650391 218.5569804142708,490.36592206285536
226.10000000000002,558.7057449647448 242.4752438042102,504.5422342148972
256.4,558.6860991824592 266.1987782505048,517.4152821888079
286.6,558.6914696627194 290.7882373618891,529.3238125647115
316.9,558.7205892840624 317.88311042021223,540.6317055994169
347.1,558.7719692126311 345.6896377062041,550.4606033144561
377.4,558.8446476770711 374.1746707027845,558.8642974738493
407.7,558.9371855805923 400.85107927296815,564.4151700860187
437.8999999999999,559.0478821530744 430.2,567.1452078470858
468.19999999999993,559.1761692953996 458,567.5084182355756
498.40000000000003,559.319905007435 483.9098300380416,567.1161812081674
528.7,559.4787404690798 512.524991437182,566.9310364909786
559,559.6509212563797 540.9263379390932,567.1519042239277
589.2,559.8345171089029 568.9,567.1137968288451
619.5,560.0294437654845 596.7298939852426,566.2649495719511
649.8,560.2338089000942 624.5813927754887,564.0346010098933
680,560.4455958310455 652.3525970288545,559.8317744608845
710.3,560.6649074204314 681.3362238347551,552.6385894389417
740.5,560.8890021897884 708.3048019478044,543.0834497644344
770.8,561.1180647076864 738.7541457144015,529.2010070554226
801.0999999999999,561.3500583452812 765.9553023796245,514.2961332775753
831.3,561.5829078660818 791.6527156526935,498.33092047753115
861.6000000000001,561.8168559830126 818.7076350644036,479.89962190982453
165.6,546.0865064180011 191.0018133915043,461.2022027846136
195.8,545.4531747389265 217.62185553917186,477.90988180787724
226.1,544.8702902076345 241.78976837065215,492.5484519837432
256.4,544.3426713462724 266.0865313713334,506.14791131620314
286.6,543.8744080761242 291.12131864244407,518.4701994961636
316.8999999999999,543.4650304136522 318.46228422972763,529.5065278863444
347.1,543.1198607049361 346.1870130738143,537.820635241183
377.4,542.8392456166789 374.52093714250867,543.6055696494594
407.7,542.6270745403974 401.19981432546695,547.0031479278244
437.9,542.4863351411718 430.2,548.9678900815098
468.1999999999999,542.4187311795099 458,549.6939088138892
498.4,542.4273344625001 484.1299748269302,549.8137017300271
528.7,542.5148406465843 512.641560246405,549.8257454439247
559,542.6839963093856 540.9564079651709,550.1540185808991
589.2,542.9364728203701 568.9,550.4030769840931
619.5,543.2765862615427 596.7339164804035,550.0289895363497
649.8,543.70629459117 624.5731928311234,548.4787078763034
680,544.2263761804087 652.3561289526049,545.1746575617944
710.3,544.8429259795851 681.1808996305259,539.2111877107602
740.5,545.5545158857004 708.2255790085667,530.8886619541244
770.8,546.3685142591098 738.4708432832077,518.6277255739697
801.0999999999999,547.2853932446965 766.086871770357,504.9429447947295
831.3,548.3042708680172 792.384292452455,489.9336787720123
861.6000000000001,549.4345593015452 819.637516134961,472.60894998574236
165.6,535.2056456990271 189.83165998614714,452.3683214616303
195.8,533.705304028129 216.8161230632528,468.28491826241935
226.10000000000002,532.2931275673964 240.93677973620305,482.13890227079355
256.4,530.9826329788913 265.72685944074556,495.3078720766645
286.6,529.7860031206899 291.18961255847876,507.08133743584006
316.9,528.703706150608 319.00384303490995,517.3182173854987
347.1,527.7512435312815 346.66161806300414,524.4095123531026
377.4,526.9307008001119 374.8208641264552,528.9849109031032
407.7,526.2538579698614 401.4876860407197,531.4258461972618
437.9,525.7305924799825 430.2,532.5632198309423
468.2,525.3658108166435 458,532.7448096427851
498.4,525.1702428270232 484.34332107003826,532.5740939701901
528.7,525.150936220763 512.7567435801752,532.5503683408407
559,525.3171687109693 540.9868161715158,533.0153885217799
589.2000000000002,525.6757489394206 568.9,533.5268383618891
619.5,526.2373290366945 596.737167571806,533.5705774892295
649.8,527.0093186483851 624.5643462889398,532.63047635811
680,527.9963216291397 652.3581106648434,530.1732475574628
710.3,529.2130603183725 681.0311623134045,525.4471244305381
740.5,530.6596172862544 708.1618945252063,518.3990967869713
770.8,532.353683050325 738.2408700420226,507.6980925365321
801.0999999999999,534.2989510377058 766.2114597600286,495.25978131365895
831.3,536.4957567895602 793.0389216904766,481.2992705640697
861.5999999999999,538.9666256130557 820.4128077383415,465.23918348919716
165.6,525.0916692941674 188.68089834225236,443.47489367580243
195.8,522.4929926616886 215.88816809662887,458.0036371831469
226.1,519.970923289583 239.80761988063028,470.4728074463679
256.4,517.5649414019788 265.0978184089904,482.6540239385964
286.6,515.3129296968207 290.98572065154826,493.41594398906136
316.9,513.2304886618269 319.53499081783525,502.62588242638924
347.1,511.3616060217727 347.1516909774548,508.4963461736654
377.4,509.7241067353317 375.1274970295008,511.9388121974499
407.7,508.35461372169686 401.78889000354906,513.4619262531617
437.9,507.2859720212221 430.2,513.7938303703202
468.2,506.54057584065333 458,513.4138561838348
498.4,506.152378318901 484.57642797391054,512.9331080919128
528.7,506.14854359868906 512.8833312986529,512.8595591967412
559,506.48545163991486 541.0211226222756,513.4200956746088
589.2,507.1484276923712 568.9,514.1775879806047
619.5,508.15340484433074 596.7398086040905,514.6723360690282
649.8,509.5098741399229 624.5534858239087,514.4463843193466
680,511.2221945066194 652.3581652511491,513.0361438309573
710.3,513.3117577291166 680.8728328748922,509.8446321620355
740.5,515.7741694724942 708.1082988244016,504.4232509525057
770.8,518.6345129844455 738.0503643665548,495.71023269350434
801.1,521.8933570615462 766.327756079719,485.0353811922782
831.3,525.5452651677512 793.6012114418459,472.6629110571448
861.5999999999999,529.620948708747 821.0230152966732,458.3310707748617
165.60000000000002,515.024958352727 187.61769678232864,435.04250232526056
195.80000000000004,511.41573703248145 215.05541674601665,449.2790511172328
226.10000000000002,507.89563706484853 238.86258332957593,461.22687245136353
256.4,504.52404310401533 264.5357897918536,472.92641894231565
286.6,501.3581894423323 290.6875968710039,482.8880101791052
316.9,498.4237976693215 319.8674742459175,490.9759609544652
347.1,495.78629745883825 347.4951392492879,495.3429242649245
377.4,493.47395082257935 375.3514295959962,497.2484258101544
407.7,491.5412019852429 402.02776761758867,497.42311121840294
437.9,490.03674200718194 430.2,496.5322284997585
468.19999999999993,488.9940942438452 458,495.24013821001057
498.3999999999999,488.46249744671115 484.78578321650787,494.2357045124517
528.7,488.46851462713687 512.9979079387311,494.05775043422005
559,489.01442538115873 541.053022874461,494.59661186190544
589.2,490.03913942794094 568.9,495.3205109788237
619.5,491.4749568868385 596.7412082520974,495.77802785140153
649.8,493.2446671632968 624.5412546646292,495.515371217659
680,495.26660486901415 652.3552245858804,494.07080953933803
710.3,497.74180026842635 680.6978250791568,491.0427131299112
740.5,501.0630447001964 708.0614667469738,486.6907857879612
770.8,505.18314824969275 737.8789201432177,480.22443904773644
801.1,510.0023985152668 766.447724759751,472.1875488760757
831.3,515.4018858859909 794.1527211480501,462.50760019006844
861.6,521.3096697110528 821.5866108894312,450.9138635466318
165.6,503.7888891711915 186.48936999888178,425.82372741875633
195.8,499.34844448854574 214.1620732443954,440.28473957864594
226.10000000000002,495.01437779018016 237.95148640768298,452.0835980913381
256.4,490.8611269994113 263.9988298584126,463.7277664653881
286.6,486.9603809429325 290.36848605580826,473.5023329330799
316.9,483.34478862962374 320.09411778989556,480.9787743970784
347.1,480.09563695843985 347.75498868703767,483.51760454243777
377.4,477.2480668298727 375.5236084485267,483.587869921566
407.7,474.8690503156616 402.22603504855,482.2282788366126
437.9,473.0179774408963 430.2,480.0240888256128
468.2,471.7350401392478 458,477.7723838231774
498.4,471.0791916945356 484.9732803090244,476.23188011215694
528.7,471.08601971979556 513.1008784140317,475.95768501325324
559,471.7680671181891 541.082170984898,476.4929667768416
589.2,473.0397341038715 568.9,477.23263801366136
619.5,474.8079637780862 596.7413161523293,477.74865388902526
649.8,476.9683056096052 624.528703769432,477.6114393883444
680,479.4112734879403 652.3493912837181,476.3938134904946
710.3,482.46575576378706 680.5533874379609,473.95092988271966
740.5,486.61151023431285 708.0336462180275,470.69579981111707
770.8,491.78019400090136 737.7721294570224,465.869979951494
801.1,497.8327143807309 766.5325872294801,459.55622293590864
831.3,504.5952653846408 794.6277024367893,451.5027098390455
861.6,511.9452930087506 822.2160411772314,441.52631999708433
165.6,494.2307045859234 185.36122793297625,416.2732986117153
195.8,489.2047896687024 213.31330826806249,431.98195533610965
226.10000000000002,484.182888845497 237.2487519182724,444.4114945211779
256.4,479.27296064350105 263.57876462655656,455.9887615637303
286.6,474.58120458728774 290.05586175846406,464.57615322848716
316.9,470.16668028768186 320.28691014709386,469.8166236821246
347.1,466.1471232009011 347.98906016944227,470.3125855572523
377.4,462.58334777390104 375.66770777636475,468.8583667940097
407.7,459.57506715183064 402.4014312254588,466.42541265059594
437.9,457.2123617111391 430.2,463.4789742337838
468.2,455.5601034494189 458,460.78313898158416
498.4,454.70641680276543 485.1371270341268,459.04915718257047
528.7,454.69039729092674 513.1907101396129,458.76472253617203
559,455.4125671220227 541.108117807992,459.202767971643
589.2,456.77295577876487 568.9,459.75721584059795
619.5,458.6866221527174 596.740193975368,460.0890971204
649.8,461.0555937551478 624.5152046564683,459.858163953572
680,463.77551611075626 652.3403342348794,458.72790428347616
710.3,467.28253666252704 680.4239069169056,457.0405889055931
740.5,472.12794521314174 708.0150883971734,455.9477822814559
770.8,478.2014542861398 737.7065813065922,454.3027366390871
801.1,485.2940659283593 766.5692685823459,450.8925541049035
831.3,493.1412155998195 794.8870032446309,443.9230355666655
861.6,501.52948136074474 822.7274328291298,433.4905124359854
165.60000000000002,482.4305639701532 184.56367938844417,409.2819987943021
195.8,476.50735548892527 212.47149432084007,423.90030170615375
226.10000000000002,470.7501472565513 236.48231364800225,434.4998987163998
256.4,465.25444324106536 263.0358858502291,443.5644585854225
286.6,460.11285722474014 289.65840894263323,449.50236421265265
316.9,455.36689744558794 320.47113114785327,452.2276531398256
347.1,451.1216178129867 348.2185800934124,451.3758330367517
377.4,447.4204253592213 375.7861753751834,449.68780796913006
407.7,444.3464300019862 402.5656231133614,447.75179934997254
437.9,441.9701066311958 430.2,445.7593151302917
468.2,440.3342274575168 458,444.083213586006
498.4,439.50213675427 485.2743940497587,443.0744118582867
528.7,439.4885637485877 513.26538419061,442.9546248252562
559,440.2033298630177 541.129962156053,443.2921314318817
589.2,441.56904125824406 568.9,443.67222554804994
619.5,443.5217296221949 596.7380255095838,443.79313783306293
649.8000000000001,445.9841406782636 624.501618926032,443.35249026439743
680.0000000000002,448.8717332331141 652.3286062361954,442.0498204273614
710.3,452.642987157033 680.3094868607479,440.43809999746856
740.5,457.9284791209623 707.9975816380073,440.1123970396481
770.8,464.57850264353357 737.6315326183465,439.977139554708
801.1,472.32601012804565 766.5877430211941,438.54924015409546
831.3,480.84126661624606 795.1659480037807,433.30063104562777
861.6,489.8497330954434 823.3822858103156,423.6768607174344
165.6,470.401852523434 183.63398279643857,400.8337140640707
195.8,463.99258358747744 211.48249890807517,414.51237681709273
226.10000000000002,457.83358728846395 235.82762734165988,423.89467783964795
256.4,452.0162616192616 262.68815590635194,431.16329285457505
286.6,446.62729998555756 289.5697159359718,435.1726134221823
316.9,441.6991323516329 320.5231498480249,436.01599322051123
347.1,437.329728672243 348.31528226950525,434.2251386832587
377.4,433.55244667251793 375.8213110153041,432.4254961060379
407.7,430.44075487024554 402.6711482548976,430.92521046740177
437.9,428.0541526338943 430.2,429.69500611276584
468.2,426.4236654665284 458,428.8169715328921
498.4,425.600382066796 485.3865365981534,428.3591095377118
528.7,425.5994809070467 513.3267375406809,428.35614628694543
559,426.39910220819183 541.147971052601,428.69955322511987
589.2,427.9174252524724 568.9,429.09767950986975
619.5,430.07136146711804 596.7351321465169,429.25715881781105
649.8,432.76179972879714 624.4888188490057,428.882720106491
680,435.88103938485654 652.3158687886564,427.6801982975137
710.3,439.966834995348 680.2215369860804,426.26167384653286
740.5,445.6890400598108 707.9801811986124,426.2849006157183
770.8,452.8733323882551 737.5497828889089,426.7358477476226
801.1,461.22369555329726 766.5622619367531,426.16824153710627
831.3,470.37762316796943 795.3500764513101,423.1044442358217
861.6,480.0317540414739 823.9589289718285,416.0848378786054
165.6,462.1139531049809 182.72417791046146,392.1950295942911
195.8,455.1404833863691 210.55483430328422,405.7314404783502
226.10000000000002,448.370428643409 235.3346269477913,414.2371733024919
256.4,441.9182324594755 262.50979584731675,419.31035978777845
286.6,435.8975472970195 289.70020270813643,421.1814997787361
316.9,430.36308954652833 320.4794037204489,420.6331091631758
347.1,425.44246502806584 348.3115843804449,419.528784038778
377.4,421.1879119947652 375.7964441917746,418.32413830187096
407.7,417.6918786220865 402.7260495827646,417.1084890890357
437.9,415.02429281576156 430.2,415.95535146176064
468.2,413.2154988551728 458,415.04789862305137
498.4,412.31020562352995 485.4780465812838,414.56114684336654
528.7,412.3165451170717 513.3774202240432,414.5298439930492
559,413.2477256221447 541.1631929886288,414.671143693987
589.2,415.0013079882408 568.9,414.85021817721497
619.5,417.4657788883425 596.731379344136,414.996286325074
649.8,420.5115723964963 624.475736589651,415.0372735457111
680,424 652.3023851982737,414.9026350044816
710.3,428.36177308371305 680.1555474331244,414.55464790776756
740.5,433.99649227581693 707.9623312632316,415.2498361672687
770.8,440.86643396113766 737.4701054173664,416.8659471259805
801.1,448.84581435120145 766.5173947657813,417.74471462547075
831.3,457.76223880594836 795.4334030058119,416.17024778691393
861.6,467.506688047231 824.455340115193,410.41450607293194
165.6,453.17688385965687 181.8324893727597,383.29369766756133
195.8,445.8413408272558 209.3310057804372,394.0520967819953
226.10000000000002,438.6713183633609 234.74366798800213,399.9839502173967
256.4,431.7981004385234 262.44267430926703,403.061712898376
286.6,425.34749527567374 290.0588799729375,404.1869025998861
316.9,419.3790618496934 320.3474235586973,404.4854853957191
347.1,414.0303564003549 348.2246533035299,404.68831618769974
377.4,409.3599354936697 375.72138378346403,404.30817445714797
407.69999999999993,405.47535045775095 402.7508004684184,403.5200580193057
437.9,402.4676968326115 430.2,402.5457543165314
468.2,400.392838772402 458,401.63602354787525
498.4,399.3329209291989 485.5537136348189,401.0697442066665
528.7,399.2976975387142 513.4191788009875,401.0783276592411
559,400.11802962541657 541.1753583805669,401.5477946714357
589.2,401.77158685195064 568.9,402.25598109158983
619.5,404.2788805252191 596.727502896798,403.0175432982302
649.8,407.64741865921286 624.4643190038674,403.64018087604273
680,411.8754801987425 652.2891284459465,403.94177771270364
710.3,417.00707171088857 680.0999692799251,403.76739436185727
740.5,423.02674764924865 707.9402705462129,404.7560226567844
770.8,429.9956179209056 737.3671365122624,407.07863155890897
801.1,437.919589305638 766.4456458928156,409.01916732722043
831.3,446.7953085881385 795.4883212790094,408.8490054615835
861.5999999999999,456.7129174953221 824.9721024764966,404.6898740563672
165.6,444.98987876375054 180.8854219449779,373.25015257552155
195.8,436.395250736917 207.96686781767147,380.6886200667227
226.1,427.8955397434967 234.26772274500507,385.9863274072187
256.4,419.8257366831337 262.4812829167133,389.7050502955226
286.6,412.50259106759233 290.400651781447,391.7685478248272
316.9,406.15050434982174 320.2036291680296,392.80578200024337
347.1,401.026413699838 348.09695859715384,393.0708468110367
377.4,396.59313262985864 375.61645987662416,392.4087058807566
407.7,392.7349916501286 402.74710536437607,391.157367727782
437.9,389.61670467229845 430.2,389.6523479436962
468.2,387.3715647714315 458,388.2631842919464
498.4,386.167415411804 485.6154141176745,387.4037139725101
528.7,386.09808323708614 513.4533200368999,387.4341783705706
559,386.92913196533374 541.1854022046324,388.292771264807
589.2,388.6056132044816 568.9,389.6621858339547
619.5,391.1489372248453 596.7230324097628,391.2542557683541
649.8,394.5697283268027 624.4528516800336,392.7663217557135
680,398.8717362735619 652.2755881440185,393.9187504505642
710.3,404.10802957248274 680.0558789191145,394.4368307554716
740.5,410.2741770614796 707.9163568942655,395.81567840346844
770.8,417.4476909725706 737.2489092633451,398.3255758365351
801.0999999999999,425.6538914575098 766.3492646670727,400.4985625429567
831.3,434.9130130403293 795.5133698736124,400.9541798482601
861.6000000000001,445.3491187570571 825.4100649118136,398.0278003848226
165.6,435.6684739904777 179.92623192532392,362.27485362187883
195.8,424.5340101146575 206.79346369873397,368.653962638439
226.09999999999997,414.29406563830844 233.88548692757394,373.6066984890038
256.4,404.97334854477367 262.5449693958061,377.066673556372
286.6,396.6553267946622 290.77680631338706,378.8111719408071
316.9,389.41010439656975 319.994661284421,379.37549826363824
347.1,383.4659923621526 347.87431415030426,379.1934429351685
377.4,378.431381018365 375.43997663938825,378.23716609335213
407.7,374.30424965289603 402.7103216209406,376.82227463718425
437.9,371.26331225429317 430.2,375.25900041312127
468.2,369.35419810301624 458,373.8840821880109
498.4,368.4999616769997 485.66283750207975,373.07266017099914
528.7,368.53531190658236 513.4794994041389,373.1735618713456
559,369.6606708447937 541.193330525678,374.3029662505021
589.2,371.87829912303016 568.9,376.16474736651855
619.5,375.16381366861475 596.717392201689,378.4404460924037
649.8,379.4802555566895 624.4395402207032,380.78727471932245
680,384.7843046470054 652.2590791341961,382.8957392585639
710.3,391.0940428840913 680.0126954942709,384.4436788854418
740.5,398.357798636921 707.8847141384446,386.3381638065205
770.8,406.62079715595416 737.0821590419421,388.60439418365564
801.1,415.8654099766695 766.194943200292,390.1402694912346
831.3,426.06953828812067 795.4969302520028,389.9245842677559
861.6000000000001,437.32385824848393 825.8186629505036,386.4440467831182
165.6,424.1162027539684 179.33639106428774,355.00212187250446
195.8,410.692520290601 205.99937188972314,360.06232341834954
226.10000000000002,398.64029022078506 233.57729886019987,363.70492990448355
256.4,388.49776665862004 262.58696554257756,365.946890127184
286.6,380.368295003113 291.1023120290222,366.76250362546705
316.9,373.78643549550304 319.7553403521078,366.43904189541837
347.1,368.24170878194354 347.5732581643249,365.2934732448307
377.4,363.6142904924415 375.19688863804697,363.6272879796657
407.7,359.96581106163603 402.63248904773775,361.7428075284455
437.9,357.2751633337017 430.2,359.91848541921803
468.19999999999993,355.49678976522006 458,358.4512834500852
498.39999999999986,354.6154511346675 485.6927674689373,357.6513798710366
528.7,354.5808670746972 513.4960524672106,357.79353778041354
559,355.30102307366843 541.1985654399646,359.06403817968476
589.2,356.8428412940439 568.9,361.2169399422455
619.5,359.3178532228705 596.7100289492295,363.9728858455708
649.8,362.82561827390685 624.4233385702457,367.03385424007945
680,367.4535683415927 652.237801100924,370.14879488301403
710.3,373.3381646818869 679.9683855560874,373.024342166134
740.5,380.54709918780895 707.8386531510522,375.40009927795813
770.8,389.2361415206227 736.8247529606857,377.0014071647621
801.1000000000001,399.49288311236785 765.9444936070671,377.35118873588044
831.3,411.3848944964685 795.4069974762931,375.99490343413015
861.6,425.10093203122807 825.9122532169658,372.2467600052903