17.07,16.42 -194.11410943465313,261.26203241177916
257.75999999999993,16.42 4.790739900277629,158.33162658514487
498.46000000000004,16.42 205.4479297535792,55.833551767268375
739.1599999999999,16.42 405.4472244268445,-46.32557346861665
979.8599999999999,16.42 604.6282206541165,-149.38950826457477
17.07,257.19 -72.23217204945362,452.690499863656
257.76000000000005,257.19 133.69166552045792,336.07033582038275
498.4600000000001,257.19 332.46419167077227,222.67551936266563
739.1599999999997,257.19 526.9971345755986,110.64241750347406
979.8599999999997,257.19 718.1880263350857,-0.7469871893896993
17.07,497.96 52.86484941480971,650.4244357786848
257.76000000000005,497.96 267.5232431146281,528.9280864231273
498.4600000000001,497.96 476.2081826957738,409.93892468572705
739.1599999999997,497.96 674.3149628854833,295.8829009864413
979.8599999999997,497.96 862.7641339842221,186.12702037971303
17.07,738.73 174.10893164124414,842.011231953048
257.76000000000005,738.73 398.18170137532843,715.2239502254746
498.4600000000001,738.73 616.4903003076919,590.750701489812
739.1599999999997,738.73 818.137915456629,474.6200331804856
979.8599999999997,738.73 1003.867044754177,366.4069232753708
17.07,979.5 294.41423019184106,1030.8300821297169
257.76000000000005,979.5 533.3007865977881,895.6685885945279
498.4600000000001,979.5 756.2436262790393,768.5154784113565
739.1599999999997,979.5 959.6322144024459,651.3170566005856
979.8599999999997,979.5 1143.9954741347926,543.8261939158622