908.6999999999999,711.2 905.9943333288978,702.5331611406768
866.7,711.2 866.1504691839925,709.0069381614
824.5,711.2 825.5,712.9430380679995
782.7,711.2 782.4,714.9943099292353
740.5,711.2 739.5,715.6918385269877
698.6,711.2 696.9215901749434,715.2515612142959
656.5,711.2 653.0435046394401,713.0607383983954
614.7,711.2 610.686470978009,708.842683668437
572.7,711.2 571.0060457575183,702.6318295749122
908.6999999999999,670.2 906.6374215797028,664.4236113060562
866.7,670.2 866.9340191551033,668.2436254429048
824.5,670.2 825.5,670.2911011053941
782.7,670.2 782.4,671.0628419557439
740.5,670.2 739.5,671.198060175927
698.6,670.2 696.6168848359982,671.0382335758779
656.5,670.2 652.838862271248,670.0525867177533
614.7,670.2 610.7009755137653,667.8515291932931
572.7,670.2 571.3919577390852,664.288131884833
908.6999999999999,629.2 907.1226848701624,624.8415331099313
866.7,629.2 867.3732739436637,627.1327473281626
824.5,629.2 825.5,628.8770561145703
782.7,629.2 782.4000000000001,629.9642360475639
740.5,629.2 739.5,630.3372845453382
698.6,629.2 696.4205567737064,629.9995423046528
656.5,629.2 652.7069909151462,628.921593743469
614.7,629.2 610.8079500559486,627.1831957776944
572.7,629.2 571.6971689615716,624.9247144827489
908.6999999999999,588.2 907.454875147368,583.0317642102707
866.7,588.2 867.5343889348296,584.5425207886484
824.5,588.2 825.5,585.7137620982048
782.7,588.2 782.4,586.4658551176317
740.5,588.2 739.5,586.7615028210377
698.6,588.2 696.287599713206,586.6011956011392
656.5,588.2 652.6236731301185,585.9713694162743
614.7,588.2 610.9862915379381,584.9323619056906
572.7,588.2 571.9293333980193,583.5687390446893
908.6999999999999,547.2 907.630157828413,541.29869784982
866.7,547.2 867.4789252217884,542.6093198560443
824.5,547.2 825.5,544.1450543766068
782.7,547.2 782.4,545.4451890030673
740.5,547.2 739.5,545.9995310649346
698.6,547.2 696.2178203464113,545.586065952815
656.5,547.2 652.5842573094399,544.5371960855928
614.7,547.2 611.1983859573237,543.3189832908483
572.7,547.2 572.0846693556382,542.2841188669956
908.6999999999999,506.2 907.683007573614,501.1577554902418
866.7,506.2 867.2982246542673,502.3294324432321
824.5,506.2 825.5,503.71007321796685
782.7,506.2 782.4,504.8929054991338
740.5,506.2 739.5,505.3995701761131
698.6,506.2 696.1882552830236,504.98552551676295
656.5,506.2 652.5735605692789,503.9368936950798
614.7,506.2 611.410983596832,502.72519590162034
572.7,506.2 572.1791187717262,501.6862422357458
908.6999999999999,465.2 907.6563730779314,461.1353284283438
866.7,465.2 867.0633627851598,462.1914951681161
824.5,465.2 825.5,463.40875543200553
782.7,465.2 782.4,464.45293595347846
740.5,465.2 739.5,464.89962103174463
698.6,465.2 696.1844120070328,464.4854552419598
656.5,465.2 652.5797045790188,463.4370673843246
614.7,465.2 611.600392983548,462.230733818542
572.7,465.2 572.2333393876743,461.1874622726678
908.6999999999999,424.2 907.58880490497,422.7887606606003
866.7,424.2 866.8511616084211,423.941212577174
824.5,424.2 825.5,424.80881981385426
782.7,424.2 782.4,425.3582341512713
740.5,424.2 739.5,425.5142733896219
698.6,424.2 696.192443374168,425.2453983246468
656.5,424.2 652.5915479099313,424.51187019472763
614.7,424.2 611.734891776187,423.37765319916167
572.7,424.2 572.2652209077887,421.8503247035018
908.6999999999999,383.2 907.5141318518554,385.9225638485741
866.7,383.2 866.7159323229569,388.1226858974166
824.5,383.2 825.5,388.77188975117895
782.7,383.2 782.4,388.46984492296093
740.5,383.2 739.5,387.9120753712587
698.6,383.2 696.1996011504827,387.42483153727153
656.5,383.2 652.5995701742099,386.59163158073653
614.7,383.2 611.7977472532228,385.1848011557279
572.7,383.2 572.2933776741097,382.9560554611963