429.39999999999986,711.5 428.30151641867224,702.1648291709296
387.39999999999986,711.5 388.469628276687,708.2071841100354
345.29999999999995,711.5 347.80000000000007,712.3814712906569
303.4,711.5 304.7,714.8154166772666
261.29999999999995,711.5 261.8,715.6909645863142
219.4,711.5 219.2206991727629,715.1416858798021
177.30000000000004,711.5 175.24095931350973,712.6092923534657
135.40000000000003,711.5 132.98577612443057,708.1467840284092
93.4,711.5 93.30981272312022,702.2994097573302
429.39999999999986,670.5 428.93912555421343,664.4109224897682
387.39999999999986,670.5 389.23412286063393,668.236559677607
345.29999999999995,670.5 347.80000000000007,670.2879857777502
303.4,670.5 304.7,671.0620784937217
261.29999999999995,670.5 261.8,671.1979027889772
219.4,670.5 218.91689121899137,671.0393461318251
177.30000000000004,670.5 175.03886227124798,670.0525867177533
135.40000000000003,670.5 133.00096415633234,667.8585685067883
93.4,670.5 93.69230610944496,664.299404869969
429.39999999999986,629.5 429.42602374575984,624.8347606388132
387.39999999999986,629.5 389.6733087764278,627.1277621024461
345.29999999999995,629.5 347.79999999999995,628.8737008668531
303.4,629.5 304.7,629.9625407953774
261.29999999999995,629.5 261.80000000000007,630.3372369823729
219.4,629.5 218.72056304802928,630.0011561896891
177.30000000000004,629.5 174.90699091514603,628.921593743469
135.40000000000003,629.5 133.1079324693039,627.188176374057
93.4,629.5 93.99817436350214,624.9313508854827
429.39999999999986,588.5 429.7587571896662,583.0273282611315
387.39999999999986,588.5 389.83439189337616,584.539220395478
345.29999999999995,588.5 347.80000000000007,585.7114879504173
303.4,588.5 304.69999999999993,586.4646374754898
261.29999999999995,588.5 261.79999999999995,586.7613401748671
219.4,588.5 218.58760179178074,586.6020980720289
177.30000000000004,588.5 174.82367313011864,585.9713694162743
135.40000000000003,588.5 133.28627714425892,584.9353696176651
93.4,588.5 94.23077135186837,583.5727681268714
429.39999999999986,547.5 429.9327897359677,541.2958789916994
387.39999999999986,547.5 389.77891351195296,542.6056980645186
345.29999999999995,547.5 347.8,544.1415336691047
303.4,547.5 304.7,545.4428557770157
261.29999999999995,547.5 261.8,545.9994498098263
219.4,547.5 218.51782245738613,545.5878917806507
177.30000000000004,547.5 174.78425730944008,544.5371960855928
135.40000000000003,547.5 133.49837051385518,543.3219046435066
93.4,547.5 94.38613611458939,542.2864000913213
429.39999999999986,506.5 429.9832112850691,501.1553516738713
387.39999999999986,506.5 389.5982069162152,502.3261802218797
345.29999999999995,506.5 347.8,503.7068798431519
303.4,506.5 304.7,504.8907764620306
261.29999999999995,506.5 261.8,505.39949570127897
219.4,506.5 218.48825593296982,504.98735230647276
177.30000000000004,506.5 174.77356056927883,503.9368936950798
135.40000000000003,506.5 133.71096877031897,502.72811890890875
93.4,506.5 94.48030219167345,501.68851963125
429.39999999999986,465.4 429.95401044290463,461.13320542292536
387.39999999999986,465.4 389.3633455059571,462.18859867572803
345.29999999999995,465.4 347.8,463.40593229237646
303.4,465.4 304.7,464.4510585485506
261.29999999999995,465.4 261.8,464.89955536909923
219.4,465.4 218.48441180470982,464.48728214458515
177.30000000000004,465.4 174.77970457901873,463.4370673843246
135.40000000000003,465.4 133.90038079570616,462.2336583426274
93.4,465.4 94.53416705990739,461.18973311039383
429.39999999999986,424.5 429.8854029821133,423.02108435967193
387.39999999999986,424.5 389.15512252485007,424.75079835206066
345.29999999999995,424.5 347.79999999999995,425.88882713961203
303.4,424.5 304.70000000000005,426.4602573737865
261.29999999999995,424.5 261.8,426.4548971509516
219.4,424.5 218.49227734839988,425.9177881539192
177.30000000000004,424.5 174.7914373491813,424.8840138444281
135.40000000000003,424.5 134.03451820322664,423.51844246047074
93.4,424.5 94.56587066259115,421.8655163177983
429.39999999999986,383.5 429.81373403414466,387.710963529574
387.39999999999986,383.5 389.01934508656893,389.4816864967472
345.29999999999995,383.5 347.8,389.92242005070756
303.4,383.5 304.7,389.50616390245625
261.29999999999995,383.5 261.8,388.91312015910415
219.4,383.5 218.49951338231477,388.4262110456918
177.30000000000004,383.5 174.79947777701048,387.5916292001688
135.40000000000003,383.5 134.09717399827966,386.18921458307375
93.4,383.5 94.59337068551214,383.96301376282213