847.8,830.4 782.8,830.4
779.5,830.4 749.5,830.4
711.2,830.4 711.2,830.4
642.8,830.4 642.8,830.4
574.5,830.4 574.5,830.4
506.1999999999999,830.4 506.1999999999999,830.4
437.8999999999999,830.4 437.8999999999999,830.4
369.59999999999985,830.4 369.59999999999985,830.4
301.1999999999998,830.4 301.1999999999998,830.4
232.89999999999986,830.4 260.89999999999986,830.4
164.5999999999999,830.4 229.5999999999998,830.4
847.8,757.4 782.8,757.4
779.5,757.4 749.5,757.4
711.2,757.4 711.2,757.4
642.8,757.4 642.8,757.4
574.5,757.4 574.5,757.4
506.1999999999999,757.4 506.1999999999999,757.4
437.8999999999999,757.4 437.8999999999999,757.4
369.59999999999985,757.4 369.59999999999985,757.4
301.1999999999998,757.4 301.1999999999998,757.4
232.89999999999986,757.4 260.89999999999986,757.4
164.5999999999999,757.4 229.5999999999998,757.4
847.8,684.4 782.8,684.4
779.5,684.4 749.5,684.4
711.2,684.4 711.2,684.4
642.8,684.4 642.8,684.4
574.5,684.4 574.5,684.4
506.1999999999999,684.4 506.1999999999999,684.4
437.8999999999999,684.4 437.8999999999999,684.4
369.59999999999985,684.4 369.59999999999985,684.4
301.1999999999998,684.4 301.1999999999998,684.4
232.89999999999986,684.4 260.89999999999986,684.4
164.5999999999999,684.4 229.5999999999998,684.4
847.8,611.4 782.8,611.4
779.5,611.4 749.5,611.4
711.2,611.4 711.2,611.4
642.8,611.4 642.8,611.4
574.5,611.4 574.5,611.4
506.1999999999999,611.4 506.1999999999999,611.4
437.8999999999999,611.4 437.8999999999999,611.4
369.59999999999985,611.4 369.59999999999985,611.4
301.1999999999998,611.4 301.1999999999998,611.4
232.89999999999986,611.4 260.89999999999986,611.4
164.5999999999999,611.4 229.5999999999998,611.4
847.8,538.4 782.8,538.4
779.5,538.4 749.5,538.4
711.2,538.4 711.2,538.4
642.8,538.4 642.8,538.4
574.5,538.4 574.5,538.4
506.1999999999999,538.4 506.1999999999999,538.4
437.8999999999999,538.4 437.8999999999999,538.4
369.59999999999985,538.4 369.59999999999985,538.4
301.1999999999998,538.4 301.1999999999998,538.4
232.89999999999986,538.4 260.89999999999986,538.4
164.5999999999999,538.4 229.5999999999998,538.4
847.8,465.4 782.8,465.4
779.5,465.4 749.5,465.4
711.2,465.4 711.2,465.4
642.8,465.4 642.8,465.4
574.5,465.4 574.5,465.4
506.1999999999999,465.4 506.1999999999999,465.4
437.8999999999999,465.4 437.8999999999999,465.4
369.59999999999985,465.4 369.59999999999985,465.4
301.1999999999998,465.4 301.1999999999998,465.4
232.89999999999986,465.4 260.89999999999986,465.4
164.5999999999999,465.4 229.5999999999998,465.4
847.8,392.4 782.8,392.4
779.5,392.4 749.5,392.4
711.2,392.4 711.2,392.4
642.8,392.4 642.8,392.4
574.5,392.4 574.5,392.4
506.1999999999999,392.4 506.1999999999999,392.4
437.8999999999999,392.4 437.8999999999999,392.4
369.59999999999985,392.4 369.59999999999985,392.4
301.1999999999998,392.4 301.1999999999998,392.4
232.89999999999986,392.4 260.89999999999986,392.4
164.5999999999999,392.4 229.5999999999998,392.4
847.8,319.4 782.8,319.4
779.5,319.4 749.5,319.4
711.2,319.4 711.2,319.4
642.8,319.4 642.8,319.4
574.5,319.4 574.5,319.4
506.1999999999999,319.4 506.1999999999999,319.4
437.8999999999999,319.4 437.8999999999999,319.4
369.59999999999985,319.4 369.59999999999985,319.4
301.1999999999998,319.4 301.1999999999998,319.4
232.89999999999986,319.4 260.89999999999986,319.4
164.5999999999999,319.4 229.5999999999998,319.4
847.8,246.4 782.8,246.4
779.5,246.4 749.5,246.4
711.2,246.4 711.2,246.4
642.8,246.4 642.8,246.4
574.5,246.4 574.5,246.4
506.1999999999999,246.4 506.1999999999999,246.4
437.8999999999999,246.4 437.8999999999999,246.4
369.59999999999985,246.4 369.59999999999985,246.4
301.1999999999998,246.4 301.1999999999998,246.4
232.89999999999986,246.4 260.89999999999986,246.4
164.5999999999999,246.4 229.5999999999998,246.4