144.31,137.31 268.0142830520294,182.50537711370268
326.4599999999999,137.31 422.5662657948382,206.5284008560219
511.62,137.31 576.8222087530687,229.78888221839736
692.6599999999995,137.31 737.1605291505119,254.67892645336178
857.58,137.31 883.9175662363112,279.39832677461004
144.31,315.5 233.0280672989267,297.2697821646047
326.4599999999999,315.5 390.9697144855852,326.99637231872697
511.62,315.5 545.9131865007796,355.5191787549487
692.66,315.5 705.3134047771382,383.89287929445095
857.58,315.5 852.2179984590531,408.90398858192566
144.31,490.34 185.8457479809778,440.38969493354097
326.4599999999999,490.34 348.2345473654529,470.97507259675365
511.62,490.34 507.7634887386737,500.35383613087697
692.66,490.34 667.0532103181595,528.7092762179805
857.58,490.34 814.1653755094059,553.7569146700464
144.31,667.38 138.90192995035437,582.4197659614092
326.4599999999999,667.38 304.14195307788935,613.5430148636503
511.62,667.38 468.45381819725776,643.7836282691006
692.66,667.38 627.6858814492718,672.0875450454107
857.58,667.38 774.9440285668236,697.1114961871265
144.31,850.88 95.91565994025993,724.2300650587728
326.4599999999999,850.88 262.23634215560884,755.574504782509
511.62,850.88 429.079400861231,786.3006118771782
692.66,850.88 588.2824273052942,814.617031870053
857.58,850.88 735.5868479446981,839.669371802941