1558.5000000000002,78.5 1527.0407914020514,78.5
1468.4999999999995,78.5 1437.0407914020518,78.5
1336.9999999999995,78.5 1305.540791402052,78.5
1205.5,78.5 1174.0407914020518,78.5
1081.0000000000005,78.5 1049.5407914020518,78.5
942.5,78.5 911.0407914020519,78.5
852.0999999999998,78.5 820.6407914020518,78.5
760.7999999999998,78.5 729.3407914020515,78.5
629.3999999999999,78.5 627.4545470329276,78.5
498.0000000000001,78.5 498.0114802149487,78.5
366.6,78.5 368.6859209329665,78.5
235.2,78.5 268.8199316072301,78.5
145.5,78.5 179.1199316072301,78.5
1558.5000000000002,345.6 1513.9924279433321,345.6
1468.4999999999995,345.6 1423.992427943332,345.6
1336.9999999999995,345.6 1292.4924279433317,345.6
1205.5,345.6 1160.9924279433317,345.6
1081.0000000000005,345.6 1036.4924279433317,345.6
942.5,345.6 897.9924279433318,345.6
852.0999999999998,345.6 807.5924279433318,345.6
760.7999999999998,345.6 716.2924279433317,345.6
629.3999999999999,345.6 626.9237727912803,345.6
498.0000000000001,345.6 498.33768930141673,345.6
366.6,345.6 372.19932398439903,345.6
235.2,345.6 286.4352222765022,345.6
145.5,345.6 196.7352222765022,345.6
1558.5000000000002,610.7 1501.0417684416216,610.7
1468.4999999999995,610.7 1411.0417684416218,610.7
1336.9999999999995,610.7 1279.5417684416218,610.7
1205.5,610.7 1148.0417684416213,610.7
1081.0000000000005,610.7 1023.5417684416218,610.7
942.5,610.7 885.0417684416221,610.7
852.0999999999998,610.7 794.6417684416217,610.7
760.7999999999998,610.7 703.3417684416219,610.7
629.3999999999999,610.7 622.5172279874587,610.7
498.0000000000001,610.7 498.6614557889593,610.7
366.6,610.7 377.59700283795183,610.7
235.2,610.7 303.9186126038104,610.7
145.5,610.7 214.21861260381047,610.7
1558.5000000000002,873.8 1488.2550666024715,872.4437866474036
1468.4999999999995,873.8 1398.5638427262606,866.1231393934493
1336.9999999999995,873.8 1267.514998951574,856.8879714612826
1205.5,873.8 1136.4661551768875,847.652803529116
1081.0000000000005,873.8 1012.3932954814617,838.909241494479
942.5,873.8 874.3684676275143,829.1824676647826
852.0999999999998,873.8 784.278616089631,822.8337286452552
760.7999999999998,873.8 691.5563275990634,851.9479740471683
629.3999999999999,873.8 610.8370891459006,866.58580474404
498.0000000000001,873.8 498.98277957686395,873.7999175362067
366.6,873.8 386.0423228470846,867.0534975283717
235.2,873.8 320.0759735968084,855.6934663160513
145.5,873.8 228.4314954473827,826.2094161540184