498.8,207.8 504.3535088582326,199.15097532515264
559.2,207.8 564.7080722593084,206.63144462350854
619.6,207.8 624.5889160259136,212.80699116434207
680,207.8 684.9408173018289,217.68475221171292
740.4,207.8 744.2489430440564,220.8272158281967
800.8,207.8 805.6930025203992,221.81847204513093
861.0999999999999,207.8 865.9544509988427,220.8205850373289
921.5,207.8 926.9112376888257,218.28883738256965
981.8999999999999,207.8 987.245864547274,214.42341745380503
498.8,265.6 502.55687283107505,257.10441177638563
559.2,265.6 562.864964414751,265.5462251986637
619.6,265.6 622.7424993665638,272.34984343576497
680,265.6 683.0688676100611,277.5214599029582
740.4,265.6 742.3802937017405,280.57481979961335
800.8,265.6 803.835864531562,281.1980156355803
861.0999999999999,265.6 864.1270922506048,279.76503315526725
921.5,265.6 925.0992661164271,276.73694695241653
981.8999999999999,265.6 985.4342534392547,272.33140760838324
498.8,323.5 500.7694046237802,314.7621251886842
559.2,323.5 561.0888114791977,322.3207979807314
619.6,323.5 620.9980899783452,328.6031868930119
680,323.5 681.3139489388351,333.617281288467
740.4,323.5 740.6169071819965,336.9567835230077
800.8,323.5 802.0574243291508,338.0613010547824
861.0999999999999,323.5 862.3519052847423,337.02659501871085
921.5,323.5 923.3136685245852,334.33432060077143
981.8999999999999,323.5 983.6240130964458,330.19558137325777
498.8,381.3 498.9768006898718,372.58549987094784
559.2,381.3 559.2980028815075,379.5638377174239
619.6,381.3 619.2396134808006,385.31016350409203
680,381.3 679.5563159791141,389.79986466761653
740.4,381.3 738.8762591006429,392.6117155978676
800.8,381.3 800.3229178740227,393.5198627121703
861.0999999999999,381.3 860.6216447739369,392.8389805221251
921.5,381.3 921.5598509921307,390.90657640427935
981.8999999999999,381.3 981.8198390690211,387.8658458990062
498.8,439.2 497.1802967402684,430.53467594443964
559.2,439.2 557.4548115254677,438.48128772978544
619.6,439.2 617.3909973378951,444.9239442540721
680,439.2 677.6779580879993,449.84140988886435
740.4,439.2 736.9944893192701,452.7788283443896
800.8,439.2 798.4483060211336,453.45811011375605
861.0999999999999,439.2 858.7798185317264,452.2501013438711
921.5,439.2 919.7402681724797,449.6001992151457
981.8999999999999,439.2 980.0099933162671,445.71740662738654
498.8,497.1 495.3875277833433,488.36337371428147
559.2,497.1 555.6357838352117,496.62634828498847
619.6,497.1 615.5748022266592,503.49221846065035
680,497.1 675.830598758192,508.8920888170882
740.4,497.1 735.1332303716943,512.2901341681959
800.8,497.1 796.5825283701336,513.1138955338876
861.0999999999999,497.1 856.9379629650317,511.6621680748593
921.5,497.1 917.915166142493,508.4718531912628
981.8999999999999,497.1 978.1930523782469,503.79576433042376
498.8,554.9 493.59436474067707,546.2047833648854
559.2,554.9 553.8202003486467,554.6613151713251
619.6,554.9 613.7735521770911,561.5785474927432
680,554.9 674.0156187544895,566.9077654266657
740.4,554.9 733.323408388714,570.1568107292753
800.8,554.9 794.7758324712598,570.8806196689272
861.0999999999999,554.9 855.1471691870361,569.4271532146287
921.5,554.9 916.1236524036642,566.2600618464023
981.8999999999999,554.9 976.3847423287921,561.598236437553