202.63,202.62 185.559458152677,305.33093709839227
351.3,202.62 308.9622843297353,290.5443318535429
499.9699999999999,202.62 436.2493307564549,275.88468723985153
648.6400000000001,202.62 563.734679082297,261.1528798340574
797.3099999999996,202.62 691.0616229135846,245.7314246815818
202.63,351.31 208.67557416082474,435.06626106642636
351.3,351.31 332.30190503918607,417.90199243738806
499.9699999999999,351.31 459.46174736344506,402.5714859851224
648.6400000000001,351.31 586.8465648790045,387.21904103758646
797.3099999999996,351.31 713.7518621110011,369.56207134351416
202.63,500.01 231.89908448040654,562.6981311304958
351.3,500.01 357.16235900498475,545.2025989289996
499.9699999999999,500.01 484.3119755684974,529.8461693543728
648.6400000000001,500.01 611.7057086938174,514.5184307229163
797.3099999999996,500.01 738.6107549408171,496.9404594938738
202.63,648.71 254.59520082674194,689.7061859471477
351.3,648.71 382.40744414485926,671.8762681574232
499.9699999999999,648.71 509.56111553632985,656.5402451591134
648.6400000000001,648.71 636.9510425638832,641.1933395371448
797.3099999999996,648.71 763.8443724942844,623.5568251481698
202.63,797.41 275.9880223962581,816.6208986894762
351.3,797.41 407.10952622259134,798.3766045424687
499.9699999999999,797.41 534.2741122779341,783.0711991011162
648.6400000000001,797.41 661.654005358532,767.692718846274
797.3099999999996,797.41 788.5442057235027,749.9588797406797